nonGaussian observation error table::
!
! only put comment (using !) in this block
!
# instrument   channel         stdev_from         predictor
#  amsua         ch3        OmF_full_clr_cld        sym_cld
!
! read the parameters for the table:
! max_range     = the range of OmF pdf in x axis
! dx            = dx in x-axis to define the bin for the OmF pdf
! bdy_slope     = the slope of stdev used to extrapolate to large OmF (larger = inflating more for extreme OmF)
! cri_costfn    = define the boundry of the cost-function that are used to estimate the stdev (not used in GSI code)
! num_cloud_cat = the number of cloud amount categories
! cloud_bin     = the boundary of cloud bins (size = num_cloud_cat +1 )
!
max_range      =  40.0
dx             =  1.50
bdy_slope      =  0.5
cri_costfn     =  3.2e-06
num_cloud_cat  =  14
::

cloud_bin::
0.00   0.03   0.05   0.07   0.10   0.15   0.20   0.25   0.30   0.35   0.40   0.50   0.60   0.80   1.00
::

bias::
-0.15   -0.05   0.15   0.50   1.25   1.70   -0.15   -2.35   -2.65   -2.80   -2.15   -1.95   -0.75   1.15
::

stdev::
19.61   18.86   18.11   17.36   16.61   15.86   15.11   14.36   13.61   12.86   12.11   11.36   10.61   9.86   9.11   8.36   7.61   6.86   6.11   5.36   4.61   3.86   3.11   2.36   1.61   1.17   1.02   1.05   1.25   1.62   2.27   3.02   3.77   4.52   5.27   6.02   6.77   7.52   8.27   9.02   9.77   10.52   11.27   12.02   12.77   13.52   14.27   15.02   15.77   16.52   17.27   18.02   18.77   19.52
19.60   18.85   18.10   17.35   16.60   15.85   15.10   14.35   13.60   12.85   12.10   11.35   10.60   9.85   9.10   8.35   7.60   6.85   6.10   5.35   4.60   3.85   3.10   2.35   1.78   1.49   1.36   1.39   1.51   1.80   2.23   2.98   3.73   4.48   5.23   5.98   6.73   7.48   8.23   8.98   9.73   10.48   11.23   11.98   12.73   13.48   14.23   14.98   15.73   16.48   17.23   17.98   18.73   19.48
19.52   18.77   18.02   17.27   16.52   15.77   15.02   14.27   13.52   12.77   12.02   11.27   10.52   9.77   9.02   8.27   7.52   6.77   6.02   5.27   4.52   3.77   3.02   2.27   2.05   1.87   1.76   1.74   1.80   1.98   2.29   2.81   3.56   4.31   5.06   5.81   6.56   7.31   8.06   8.81   9.56   10.31   11.06   11.81   12.56   13.31   14.06   14.81   15.56   16.31   17.06   17.81   18.56   19.31
19.79   19.04   18.29   17.54   16.79   16.04   15.29   14.54   13.79   13.04   12.29   11.54   10.79   10.04   9.29   8.54   7.79   7.04   6.29   5.54   4.79   4.04   3.29   2.78   2.48   2.27   2.16   2.11   2.18   2.27   2.44   2.70   3.25   4.00   4.75   5.50   6.25   7.00   7.75   8.50   9.25   10.00   10.75   11.50   12.25   13.00   13.75   14.50   15.25   16.00   16.75   17.50   18.25   19.00
20.10   19.35   18.60   17.85   17.10   16.35   15.60   14.85   14.10   13.35   12.60   11.85   11.10   10.35   9.60   8.85   8.10   7.35   6.60   5.85   5.10   4.35   3.98   3.70   3.36   3.07   2.85   2.72   2.67   2.69   2.79   2.99   3.28   3.71   4.46   5.21   5.96   6.71   7.46   8.21   8.96   9.71   10.46   11.21   11.96   12.71   13.46   14.21   14.96   15.71   16.46   17.21   17.96   18.71
20.20   19.45   18.70   17.95   17.20   16.45   15.70   14.95   14.20   13.45   12.70   11.95   11.20   10.45   9.70   8.95   8.20   7.45   6.70   5.95   5.33   5.05   4.85   4.73   4.66   4.63   4.58   4.51   4.42   4.30   4.17   4.08   4.04   4.08   4.23   4.67   5.42   6.17   6.92   7.67   8.42   9.17   9.92   10.67   11.42   12.17   12.92   13.67   14.42   15.17   15.92   16.67   17.42   18.17
19.43   18.68   17.93   17.18   16.43   15.68   14.93   14.18   13.43   12.68   11.93   11.18   10.43   9.68   8.93   8.18   7.43   6.68   5.93   5.38   5.10   4.96   4.95   5.06   5.29   5.61   5.96   6.69   6.99   7.21   7.19   6.93   6.56   6.18   5.89   5.71   5.68   6.25   7.00   7.75   8.50   9.25   10.00   10.75   11.50   12.25   13.00   13.75   14.50   15.25   16.00   16.75   17.50   18.25
18.65   17.90   17.15   16.40   15.65   14.90   14.15   13.40   12.65   11.90   11.15   10.40   9.65   8.90   8.15   7.40   6.65   5.90   5.26   4.89   4.66   4.56   4.57   4.67   4.86   5.00   5.66   6.18   6.86   7.62   8.38   8.94   9.14   8.94   8.50   8.01   7.59   7.32   7.63   8.38   9.13   9.88   10.63   11.38   12.13   12.88   13.63   14.38   15.13   15.88   16.63   17.38   18.13   18.88
18.68   17.93   17.18   16.43   15.68   14.93   14.18   13.43   12.68   11.93   11.18   10.43   9.68   8.93   8.18   7.43   6.68   5.98   5.51   5.19   4.98   4.87   4.85   4.89   4.98   5.54   5.54   5.88   6.32   6.86   7.49   8.17   8.83   9.37   9.66   9.66   9.41   9.05   8.70   9.27   10.02   10.77   11.52   12.27   13.02   13.77   14.52   15.27   16.02   16.77   17.52   18.27   19.02   19.77
18.81   18.06   17.31   16.56   15.81   15.06   14.31   13.56   12.81   12.06   11.31   10.56   9.81   9.06   8.31   7.56   6.81   6.11   5.59   5.22   4.99   4.86   4.81   4.84   4.92   5.36   5.43   5.73   6.12   6.57   7.09   7.66   8.23   8.77   9.24   9.61   9.88   10.07   10.20   10.92   11.67   12.42   13.17   13.92   14.67   15.42   16.17   16.92   17.67   18.42   19.17   19.92   20.67   21.42
19.39   18.64   17.89   17.14   16.39   15.64   14.89   14.14   13.39   12.64   11.89   11.14   10.39   9.64   8.89   8.14   7.39   6.68   6.05   5.55   5.20   4.96   4.82   4.76   4.77   4.83   4.99   5.17   5.42   5.73   6.10   6.54   7.03   7.57   8.15   8.75   9.35   9.95   10.70   11.45   12.20   12.95   13.70   14.45   15.20   15.95   16.70   17.45   18.20   18.95   19.70   20.45   21.20   21.95
18.85   18.10   17.35   16.60   15.85   15.10   14.35   13.60   12.85   12.10   11.35   10.60   9.85   9.10   8.35   7.60   6.85   6.10   5.51   5.15   4.94   4.82   4.79   4.82   4.91   5.01   5.24   5.43   5.64   5.87   6.09   6.29   6.48   6.67   6.87   7.12   7.58   8.33   9.08   9.83   10.58   11.33   12.08   12.83   13.58   14.33   15.08   15.83   16.58   17.33   18.08   18.83   19.58   20.33
19.53   18.78   18.03   17.28   16.53   15.78   15.03   14.28   13.53   12.78   12.03   11.28   10.53   9.78   9.03   8.28   7.53   6.78   6.03   5.51   5.11   4.84   4.66   4.56   4.53   4.55   4.61   4.72   4.85   5.00   5.17   5.34   5.52   5.70   5.89   6.10   6.78   7.53   8.28   9.03   9.78   10.53   11.28   12.03   12.78   13.53   14.28   15.03   15.78   16.53   17.28   18.03   18.78   19.53
19.73   18.98   18.23   17.48   16.73   15.98   15.23   14.48   13.73   12.98   12.23   11.48   10.73   9.98   9.23   8.48   7.73   6.98   6.23   5.48   5.14   5.06   4.97   4.81   4.57   4.28   4.00   3.80   3.57   3.50   3.52   3.67   3.98   4.51   5.19   5.85   6.60   7.35   8.10   8.85   9.60   10.35   11.10   11.85   12.60   13.35   14.10   14.85   15.60   16.35   17.10   17.85   18.60   19.35
::