nonGaussian observation error table::
!
! only put comment (using !) in this block
!
# instrument   channel         stdev_from         predictor
#  atms         ch4        OmF_full_clr_cld        sym_cld
!
! read the parameters for the table:
! max_range     = the range of OmF pdf in x axis
! dx            = dx in x-axis to define the bin for the OmF pdf
! bdy_slope     = the slope of stdev used to extrapolate to large OmF (larger = inflating more for extreme OmF)
! cri_costfn    = define the boundry of the cost-function that are used to estimate the stdev (not used in GSI code)
! num_cloud_cat = the number of cloud amount categories
! cloud_bin     = the boundary of cloud bins (size = num_cloud_cat +1 )
!
max_range      =  25.0
dx             =  0.75
bdy_slope      =  0.5
cri_costfn     =  3.2e-06
num_cloud_cat  =  12
::

cloud_bin::
0.00   0.03   0.05   0.07   0.10   0.15   0.20   0.25   0.30   0.35   0.40   0.50   1.00
::

bias::
-0.03   -0.13   -0.05   0.20   0.57   0.95   0.15   -0.70   -2.23   -3.10   -4.05   -8.00
::

stdev::
12.25   11.88   11.50   11.13   10.75   10.38   10.00   9.63   9.25   8.88   8.50   8.13   7.75   7.38   7.00   6.63   6.25   5.88   5.50   5.13   4.75   4.38   4.00   3.63   3.25   2.88   2.50   2.13   1.75   1.38   1.00   0.78   0.63   0.60   0.64   0.75   0.93   1.18   1.56   1.93   2.31   2.68   3.06   3.43   3.81   4.18   4.56   4.93   5.31   5.68   6.06   6.43   6.81   7.18   7.56   7.93   8.31   8.68   9.06   9.43   9.81   10.18   10.56   10.93   11.31   11.68   12.06
12.27   11.90   11.52   11.15   10.77   10.40   10.02   9.65   9.27   8.90   8.52   8.15   7.77   7.40   7.02   6.65   6.27   5.90   5.52   5.15   4.77   4.40   4.02   3.65   3.27   2.90   2.52   2.15   1.77   1.40   1.12   0.85   0.72   0.69   0.79   0.94   1.15   1.32   1.46   1.84   2.21   2.59   2.96   3.34   3.71   4.09   4.46   4.84   5.21   5.59   5.96   6.34   6.71   7.09   7.46   7.84   8.21   8.59   8.96   9.34   9.71   10.09   10.46   10.84   11.21   11.59   11.96
12.12   11.75   11.37   11.00   10.62   10.25   9.87   9.50   9.12   8.75   8.37   8.00   7.62   7.25   6.87   6.50   6.12   5.75   5.37   5.00   4.62   4.25   3.87   3.50   3.12   2.75   2.37   2.00   1.62   1.30   1.21   1.04   0.85   0.79   0.83   1.04   1.32   1.38   1.44   1.76   2.14   2.51   2.89   3.26   3.64   4.01   4.39   4.76   5.14   5.51   5.89   6.26   6.64   7.01   7.39   7.76   8.14   8.51   8.89   9.26   9.64   10.01   10.39   10.76   11.14   11.51   11.89
12.16   11.79   11.41   11.04   10.66   10.29   9.91   9.54   9.16   8.79   8.41   8.04   7.66   7.29   6.91   6.54   6.16   5.79   5.41   5.04   4.66   4.29   3.91   3.54   3.16   2.79   2.41   2.04   1.66   1.58   1.47   1.27   1.10   1.03   1.02   1.14   1.33   1.51   1.51   1.47   1.79   2.17   2.54   2.92   3.29   3.67   4.04   4.42   4.79   5.17   5.54   5.92   6.29   6.67   7.04   7.42   7.79   8.17   8.54   8.92   9.29   9.67   10.04   10.42   10.79   11.17   11.54
12.37   11.99   11.62   11.24   10.87   10.49   10.12   9.74   9.37   8.99   8.62   8.24   7.87   7.49   7.12   6.74   6.37   5.99   5.62   5.24   4.87   4.49   4.12   3.74   3.37   2.99   2.62   2.35   2.22   2.07   1.89   1.70   1.52   1.39   1.32   1.36   1.46   1.63   1.75   1.69   1.59   1.86   2.23   2.61   2.98   3.36   3.73   4.11   4.48   4.86   5.23   5.61   5.98   6.36   6.73   7.11   7.48   7.86   8.23   8.61   8.98   9.36   9.73   10.11   10.48   10.86   11.23
11.88   11.51   11.13   10.76   10.38   10.01   9.63   9.26   8.88   8.51   8.13   7.76   7.38   7.01   6.63   6.26   5.88   5.51   5.13   4.76   4.38   4.01   3.63   3.26   2.88   2.96   3.12   3.05   2.89   2.77   2.71   2.64   2.50   2.30   2.12   1.96   1.95   2.02   2.14   2.23   2.13   1.93   1.80   2.18   2.55   2.93   3.30   3.68   4.05   4.43   4.80   5.18   5.55   5.93   6.30   6.68   7.05   7.43   7.80   8.18   8.55   8.93   9.30   9.68   10.05   10.43   10.80
11.82   11.44   11.07   10.69   10.32   9.94   9.57   9.19   8.82   8.44   8.07   7.69   7.32   6.94   6.57   6.19   5.82   5.44   5.07   4.69   4.32   3.94   3.68   3.63   3.54   3.44   3.35   3.27   3.21   3.19   3.18   3.21   3.26   3.32   3.44   3.52   3.59   3.61   3.56   3.41   3.18   2.88   2.56   2.26   2.35   2.72   3.10   3.47   3.85   4.22   4.60   4.97   5.35   5.72   6.10   6.47   6.85   7.22   7.60   7.97   8.35   8.72   9.10   9.47   9.85   10.22   10.60
10.97   10.60   10.22   9.85   9.47   9.10   8.72   8.35   7.97   7.60   7.22   6.85   6.47   6.10   5.72   5.35   4.97   4.60   4.22   3.85   3.75   3.80   3.83   3.87   3.90   3.92   3.96   3.99   4.03   4.08   4.13   4.18   4.20   4.36   4.39   4.43   4.44   4.42   4.37   4.26   4.11   3.92   3.70   3.46   3.21   3.01   3.38   3.76   4.13   4.51   4.88   5.26   5.63   6.01   6.38   6.76   7.13   7.51   7.88   8.26   8.63   9.01   9.38   9.76   10.13   10.51   10.88
10.32   9.95   9.57   9.20   8.82   8.45   8.07   7.70   7.32   6.95   6.57   6.20   5.82   5.45   5.07   4.70   4.32   3.95   3.83   3.83   3.86   3.90   3.96   4.03   4.12   4.22   4.34   4.47   4.61   4.77   4.97   5.04   5.21   5.36   5.47   5.55   5.58   5.56   5.47   5.33   5.14   4.92   4.67   4.42   4.16   3.91   3.85   4.22   4.60   4.97   5.35   5.72   6.10   6.47   6.85   7.22   7.60   7.97   8.35   8.72   9.10   9.47   9.85   10.22   10.60   10.97   11.35
9.36   8.99   8.61   8.24   7.86   7.49   7.11   6.74   6.36   5.99   5.61   5.24   4.86   4.49   4.23   4.37   4.51   4.66   4.81   4.97   5.14   5.31   5.47   5.64   5.81   5.98   6.13   6.29   6.44   6.79   6.53   6.63   6.68   6.70   6.69   6.64   6.58   6.48   6.37   6.24   6.09   5.94   5.78   5.61   5.44   5.27   5.11   4.95   5.16   5.54   5.91   6.29   6.66   7.04   7.41   7.79   8.16   8.54   8.91   9.29   9.66   10.04   10.41   10.79   11.16   11.54   11.91
9.62   9.25   8.87   8.50   8.12   7.75   7.37   7.00   6.62   6.25   5.87   5.50   5.43   5.37   5.31   5.26   5.22   5.18   5.14   5.11   5.09   5.06   5.04   5.03   5.01   5.00   5.00   5.00   4.98   5.00   5.00   5.01   5.03   5.05   5.07   5.09   5.12   5.15   5.19   5.23   5.27   5.33   5.38   5.44   5.51   5.59   5.95   6.33   6.70   7.08   7.45   7.83   8.20   8.58   8.95   9.33   9.70   10.08   10.45   10.83   11.20   11.58   11.95   12.33   12.70   13.08   13.45
7.30   6.93   6.55   6.18   5.80   5.82   5.89   5.95   6.02   6.09   6.16   6.24   6.31   6.39   6.47   6.55   6.63   6.71   6.79   6.88   6.97   7.06   7.18   7.15   7.30   7.41   7.51   7.61   7.71   7.82   7.92   8.03   8.14   8.25   8.37   8.48   8.60   8.72   8.84   8.96   9.08   9.21   9.33   9.46   9.59   9.72   9.85   9.98   10.12   10.25   10.38   10.73   11.11   11.48   11.86   12.23   12.61   12.98   13.36   13.73   14.11   14.48   14.86   15.23   15.61   15.98   16.36
::