nonGaussian observation error table::
!
! only put comment (using !) in this block
!
# instrument   channel         stdev_from         predictor
#  atms         ch22        OmF_full_clr_cld        sym_cld
!
! read the parameters for the table:
! max_range     = the range of OmF pdf in x axis
! dx            = dx in x-axis to define the bin for the OmF pdf
! bdy_slope     = the slope of stdev used to extrapolate to large OmF (larger = inflating more for extreme OmF)
! cri_costfn    = define the boundry of the cost-function that are used to estimate the stdev (not used in GSI code)
! num_cloud_cat = the number of cloud amount categories
! cloud_bin     = the boundary of cloud bins (size = num_cloud_cat +1 )
!
max_range      =  30.0
dx             =  1.50
bdy_slope      =  0.5
cri_costfn     =  3.2e-06
num_cloud_cat  =  12
::

cloud_bin::
0.00   0.03   0.05   0.07   0.10   0.15   0.20   0.25   0.30   0.35   0.40   0.50   1.00
::

bias::
0.05   0.05   0.05   0.00   -0.10   -0.20   -0.15   -0.10   -0.20   0.10   -0.15   6.45
::

stdev::
14.96   14.21   13.46   12.71   11.96   11.21   10.46   9.71   8.96   8.21   7.46   6.71   5.96   5.21   4.46   3.71   2.96   2.21   1.54   1.14   1.09   1.17   1.60   2.26   2.97   3.72   4.47   5.22   5.97   6.72   7.47   8.22   8.97   9.72   10.47   11.22   11.97   12.72   13.47   14.22   14.97
15.04   14.29   13.54   12.79   12.04   11.29   10.54   9.79   9.04   8.29   7.54   6.79   6.04   5.29   4.54   3.79   3.04   2.31   1.61   1.16   1.11   1.22   1.70   2.54   3.25   4.00   4.75   5.50   6.25   7.00   7.75   8.50   9.25   10.00   10.75   11.50   12.25   13.00   13.75   14.50   15.25
14.99   14.24   13.49   12.74   11.99   11.24   10.49   9.74   8.99   8.24   7.49   6.74   5.99   5.24   4.49   3.74   2.99   2.25   1.61   1.20   1.13   1.27   1.78   2.77   3.35   3.95   4.70   5.45   6.20   6.95   7.70   8.45   9.20   9.95   10.70   11.45   12.20   12.95   13.70   14.45   15.20
15.03   14.28   13.53   12.78   12.03   11.28   10.53   9.78   9.03   8.28   7.53   6.78   6.03   5.28   4.53   3.78   3.03   2.31   1.59   1.22   1.15   1.33   1.85   2.87   3.58   3.98   4.73   5.48   6.23   6.98   7.73   8.48   9.23   9.98   10.73   11.48   12.23   12.98   13.73   14.48   15.23
14.96   14.21   13.46   12.71   11.96   11.21   10.46   9.71   8.96   8.21   7.46   6.71   5.96   5.21   4.46   3.71   2.96   2.21   1.52   1.21   1.25   1.40   1.94   2.95   3.71   4.11   4.86   5.61   6.36   7.11   7.86   8.61   9.36   10.11   10.86   11.61   12.36   13.11   13.86   14.61   15.36
14.86   14.11   13.36   12.61   11.86   11.11   10.36   9.61   8.86   8.11   7.36   6.61   5.86   5.11   4.36   3.61   2.86   2.11   1.45   1.19   1.14   1.45   2.08   2.95   3.40   4.09   4.84   5.59   6.34   7.09   7.84   8.59   9.34   10.09   10.84   11.59   12.34   13.09   13.84   14.59   15.34
14.44   13.69   12.94   12.19   11.44   10.69   9.94   9.19   8.44   7.69   6.94   6.19   5.44   4.69   3.94   3.19   2.44   1.78   1.66   1.65   1.88   1.91   2.16   2.52   3.06   3.80   4.55   5.30   6.05   6.80   7.55   8.30   9.05   9.80   10.55   11.30   12.05   12.80   13.55   14.30   15.05
14.42   13.67   12.92   12.17   11.42   10.67   9.92   9.17   8.42   7.67   6.92   6.17   5.42   4.67   3.92   3.17   2.42   1.69   1.56   1.57   1.63   1.83   2.12   2.56   3.19   3.99   4.74   5.49   6.24   6.99   7.74   8.49   9.24   9.99   10.74   11.49   12.24   12.99   13.74   14.49   15.24
14.42   13.67   12.92   12.17   11.42   10.67   9.92   9.17   8.42   7.67   6.92   6.17   5.42   4.67   3.92   3.17   2.42   1.76   1.62   1.63   1.79   1.95   2.27   2.78   3.57   4.75   5.79   6.54   7.29   8.04   8.79   9.54   10.29   11.04   11.79   12.54   13.29   14.04   14.79   15.54   16.29
14.24   13.49   12.74   11.99   11.24   10.49   9.74   8.99   8.24   7.49   6.74   5.99   5.24   4.49   3.74   2.99   2.24   1.94   2.03   2.14   2.25   2.39   2.57   2.78   3.06   3.43   4.08   4.83   5.58   6.33   7.08   7.83   8.58   9.33   10.08   10.83   11.58   12.33   13.08   13.83   14.58
13.98   13.23   12.48   11.73   10.98   10.23   9.48   8.73   7.98   7.23   6.48   5.73   4.98   4.23   3.48   2.73   2.19   2.38   2.60   2.85   3.00   3.45   3.83   4.25   4.67   5.04   5.26   5.28   5.08   5.65   6.40   7.15   7.90   8.65   9.40   10.15   10.90   11.65   12.40   13.15   13.90
14.71   13.96   14.41   15.09   15.82   16.60   17.42   18.28   19.18   20.10   21.03   21.94   22.79   23.55   24.18   24.63   24.87   24.88   24.66   24.22   23.61   22.85   21.99   21.05   19.88   19.41   18.43   17.54   16.70   15.92   15.18   14.49   13.85   13.25   12.69   12.17   11.68   11.23   10.80   10.41   10.41
::