nonGaussian observation error table::
!
! only put comment (using !) in this block
!
# instrument   channel         stdev_from         predictor
#  atms         ch6        OmF_full_clr_cld        sym_cld
!
! read the parameters for the table:
! max_range     = the range of OmF pdf in x axis
! dx            = dx in x-axis to define the bin for the OmF pdf
! bdy_slope     = the slope of stdev used to extrapolate to large OmF (larger = inflating more for extreme OmF)
! cri_costfn    = define the boundry of the cost-function that are used to estimate the stdev (not used in GSI code)
! num_cloud_cat = the number of cloud amount categories
! cloud_bin     = the boundary of cloud bins (size = num_cloud_cat +1 )
!
max_range      =  5.0
dx             =  0.30
bdy_slope      =  0.5
cri_costfn     =  3.2e-06
num_cloud_cat  =  12
::

cloud_bin::
0.00   0.03   0.05   0.07   0.10   0.15   0.20   0.25   0.30   0.35   0.40   0.50   1.00
::

bias::
0.01   0.01   0.01   0.02   0.06   0.07   0.05   0.06   0.08   0.26   0.41   0.99
::

stdev::
2.36   2.21   2.06   1.91   1.76   1.61   1.46   1.31   1.16   1.01   0.86   0.71   0.56   0.41   0.26   0.11   0.13   0.12   0.16   0.30   0.45   0.60   0.75   0.90   1.05   1.20   1.35   1.50   1.65   1.80   1.95   2.10   2.25   2.40
2.36   2.21   2.06   1.91   1.76   1.61   1.46   1.31   1.16   1.01   0.86   0.71   0.56   0.41   0.26   0.12   0.13   0.13   0.17   0.28   0.43   0.58   0.73   0.88   1.03   1.18   1.33   1.48   1.63   1.78   1.93   2.08   2.23   2.38
2.37   2.22   2.07   1.92   1.77   1.62   1.47   1.32   1.17   1.02   0.87   0.72   0.57   0.42   0.27   0.13   0.13   0.13   0.17   0.28   0.43   0.58   0.73   0.88   1.03   1.18   1.33   1.48   1.63   1.78   1.93   2.08   2.23   2.38
2.37   2.22   2.07   1.92   1.77   1.62   1.47   1.32   1.17   1.02   0.87   0.72   0.57   0.42   0.27   0.13   0.15   0.14   0.18   0.29   0.41   0.56   0.71   0.86   1.01   1.16   1.31   1.46   1.61   1.76   1.91   2.06   2.21   2.36
2.39   2.24   2.09   1.94   1.79   1.64   1.49   1.34   1.19   1.04   0.89   0.74   0.59   0.44   0.29   0.15   0.21   0.15   0.19   0.26   0.38   0.53   0.68   0.83   0.98   1.13   1.28   1.43   1.58   1.73   1.88   2.03   2.18   2.33
2.39   2.24   2.09   1.94   1.79   1.64   1.49   1.34   1.19   1.04   0.89   0.74   0.59   0.44   0.29   0.17   0.22   0.18   0.22   0.30   0.44   0.48   0.63   0.78   0.93   1.08   1.23   1.38   1.53   1.68   1.83   1.98   2.13   2.28
2.40   2.25   2.10   1.95   1.80   1.65   1.50   1.35   1.20   1.05   0.90   0.75   0.60   0.45   0.30   0.21   0.21   0.21   0.27   0.35   0.48   0.55   0.57   0.72   0.87   1.02   1.17   1.32   1.47   1.62   1.77   1.92   2.07   2.22
2.38   2.23   2.08   1.93   1.78   1.63   1.48   1.33   1.18   1.03   0.88   0.73   0.58   0.43   0.28   0.23   0.25   0.26   0.33   0.42   0.52   0.56   0.55   0.65   0.80   0.95   1.10   1.25   1.40   1.55   1.70   1.85   2.00   2.15
2.35   2.20   2.05   1.90   1.75   1.60   1.45   1.30   1.15   1.00   0.85   0.70   0.55   0.40   0.29   0.29   0.31   0.37   0.42   0.51   0.60   0.63   0.58   0.52   0.66   0.81   0.96   1.11   1.26   1.41   1.56   1.71   1.86   2.01
2.33   2.18   2.03   1.88   1.73   1.58   1.43   1.28   1.13   0.98   0.83   0.68   0.53   0.41   0.43   0.46   0.49   0.51   0.55   0.58   0.61   0.64   0.66   0.67   0.68   0.75   0.90   1.05   1.20   1.35   1.50   1.65   1.80   1.95
2.40   2.25   2.10   1.95   1.80   1.65   1.50   1.35   1.20   1.05   0.90   0.75   0.60   0.55   0.59   0.63   0.66   0.70   0.71   0.79   0.81   0.83   0.84   0.83   0.81   0.79   0.75   0.84   0.99   1.14   1.29   1.44   1.59   1.74
2.86   2.71   2.56   2.41   2.26   2.11   1.96   1.81   1.64   1.46   1.33   1.25   1.18   1.13   1.09   1.06   1.04   1.02   1.01   1.00   1.02   1.02   1.02   1.04   1.06   1.08   1.12   1.16   1.22   1.30   1.41   1.57   1.82   2.31
::