nonGaussian observation error table::
!
! only put comment (using !) in this block
!
# instrument   channel         stdev_from         predictor
#  atms         ch16        OmF_full_clr_cld        sym_cld
!
! read the parameters for the table:
! max_range     = the range of OmF pdf in x axis
! dx            = dx in x-axis to define the bin for the OmF pdf
! bdy_slope     = the slope of stdev used to extrapolate to large OmF (larger = inflating more for extreme OmF)
! cri_costfn    = define the boundry of the cost-function that are used to estimate the stdev (not used in GSI code)
! num_cloud_cat = the number of cloud amount categories
! cloud_bin     = the boundary of cloud bins (size = num_cloud_cat +1 )
!
max_range      =  60.0
dx             =  3.00
bdy_slope      =  0.5
cri_costfn     =  3.2e-06
num_cloud_cat  =  12
::

cloud_bin::
0.00   0.03   0.05   0.07   0.10   0.15   0.20   0.25   0.30   0.35   0.40   0.50   1.00
::

bias::
-0.10   -0.10   0.00   0.70   1.30   1.10   -1.10   -0.90   -1.90   -0.60   0.80   -13.40
::

stdev::
29.81   28.31   26.81   25.31   23.81   22.31   20.81   19.31   17.81   16.31   14.81   13.31   11.81   10.31   8.81   7.31   5.81   4.31   3.08   2.28   2.07   2.55   3.48   4.01   5.51   7.01   8.51   10.01   11.51   13.01   14.51   16.01   17.51   19.01   20.51   22.01   23.51   25.01   26.51   28.01   29.51
29.92   28.42   26.92   25.42   23.92   22.42   20.92   19.42   17.92   16.42   14.92   13.42   11.92   10.42   8.92   7.42   5.92   4.73   3.78   2.67   2.48   2.93   4.06   4.15   5.28   6.78   8.28   9.78   11.28   12.78   14.28   15.78   17.28   18.78   20.28   21.78   23.28   24.78   26.28   27.78   29.28
29.89   28.39   26.89   25.39   23.89   22.39   20.89   19.39   17.89   16.39   14.89   13.39   11.89   10.39   8.89   7.39   5.89   5.46   4.24   3.04   2.79   3.15   4.04   4.48   5.55   7.05   8.55   10.05   11.55   13.05   14.55   16.05   17.55   19.05   20.55   22.05   23.55   25.05   26.55   28.05   29.55
29.69   28.19   26.69   25.19   23.69   22.19   20.69   19.19   17.69   16.19   14.69   13.19   11.69   10.19   8.69   7.19   6.35   6.56   5.12   3.77   3.31   3.27   3.85   4.74   5.54   7.04   8.54   10.04   11.54   13.04   14.54   16.04   17.54   19.04   20.54   22.04   23.54   25.04   26.54   28.04   29.54
30.06   28.56   27.06   25.56   24.06   22.56   21.06   19.56   18.06   16.56   15.06   13.56   12.06   10.56   9.06   7.56   7.51   8.00   6.28   4.41   3.53   3.44   3.88   5.24   7.18   7.25   8.75   10.25   11.75   13.25   14.75   16.25   17.75   19.25   20.75   22.25   23.75   25.25   26.75   28.25   29.75
29.24   27.74   26.24   24.74   23.24   21.74   20.24   18.74   17.24   15.74   14.24   12.74   11.24   9.74   8.48   9.76   10.29   8.71   6.74   5.44   4.74   4.61   4.96   6.15   9.02   11.89   9.21   9.11   10.61   12.11   13.61   15.11   16.61   18.11   19.61   21.11   22.61   24.11   25.61   27.11   28.61
29.37   27.87   26.37   24.87   23.37   21.87   20.37   18.87   17.37   15.87   14.37   12.87   11.37   9.87   9.71   9.30   8.84   8.47   8.26   8.18   8.61   8.89   9.53   10.48   11.64   12.57   12.34   10.64   10.17   11.67   13.17   14.67   16.17   17.67   19.17   20.67   22.17   23.67   25.17   26.67   28.17
28.11   26.61   25.11   23.61   22.11   20.61   19.11   17.61   16.11   14.61   13.11   11.61   10.36   11.25   11.72   11.80   11.65   11.43   11.26   11.23   11.05   11.39   11.76   12.24   12.74   13.05   12.89   12.08   10.73   12.03   13.53   15.03   16.53   18.03   19.53   21.03   22.53   24.03   25.53   27.03   28.53
28.96   27.46   25.96   24.46   22.96   21.46   19.96   18.46   16.96   15.46   13.96   12.85   12.92   12.91   12.88   12.87   12.93   13.06   13.27   13.38   14.22   14.49   14.73   14.73   14.33   13.48   12.28   10.91   10.30   11.80   13.30   14.80   16.30   17.80   19.30   20.80   22.30   23.80   25.30   26.80   28.30
29.78   28.28   26.78   25.28   23.78   22.28   20.78   19.28   17.78   16.28   14.78   14.31   14.43   14.52   14.60   14.66   14.69   14.70   14.68   14.58   15.32   14.72   14.60   14.48   14.36   14.23   14.08   13.92   13.74   13.68   15.18   16.68   18.18   19.68   21.18   22.68   24.18   25.68   27.18   28.68   30.18
31.06   29.56   28.06   26.56   25.06   23.56   22.06   20.56   19.06   17.56   16.11   16.05   15.93   15.76   15.54   15.29   14.99   14.67   14.33   13.97   13.54   13.29   12.90   12.53   12.16   11.81   11.46   11.12   10.86   12.36   13.86   15.36   16.86   18.36   19.86   21.36   22.86   24.36   25.86   27.36   28.86
22.39   20.89   19.39   17.89   16.39   14.89   13.39   11.89   10.39   8.89   7.99   8.52   9.12   9.80   10.56   11.35   12.72   13.77   15.08   16.56   18.16   19.77   21.20   22.18   22.45   21.95   20.80   19.29   17.66   17.92   19.42   20.92   22.42   23.92   25.42   26.92   28.42   29.92   31.42   32.92   34.42
::