nonGaussian observation error table::
!
! only put comment (using !) in this block
!
# instrument   channel         stdev_from         predictor
#  amsua         ch4        OmF_full_clr_cld        sym_cld
!
! read the parameters for the table:
! max_range     = the range of OmF pdf in x axis
! dx            = dx in x-axis to define the bin for the OmF pdf
! bdy_slope     = the slope of stdev used to extrapolate to large OmF (larger = inflating more for extreme OmF)
! cri_costfn    = define the boundry of the cost-function that are used to estimate the stdev (not used in GSI code)
! num_cloud_cat = the number of cloud amount categories
! cloud_bin     = the boundary of cloud bins (size = num_cloud_cat +1 )
!
max_range      =  15.0
dx             =  0.60
bdy_slope      =  0.5
cri_costfn     =  3.2e-06
num_cloud_cat  =  14
::

cloud_bin::
0.00   0.03   0.05   0.07   0.10   0.15   0.20   0.25   0.30   0.35   0.40   0.50   0.60   0.80   1.00
::

bias::
-0.06   -0.04   0.02   0.10   0.26   0.36   0.26   0.02   -0.12   -0.10   -0.04   0.12   0.32   0.70
::

stdev::
7.30   7.00   6.70   6.40   6.10   5.80   5.50   5.20   4.90   4.60   4.30   4.00   3.70   3.40   3.10   2.80   2.50   2.20   1.90   1.60   1.30   1.00   0.70   0.40   0.31   0.28   0.33   0.53   0.83   1.13   1.43   1.73   2.03   2.33   2.63   2.93   3.23   3.53   3.83   4.13   4.43   4.73   5.03   5.33   5.63   5.93   6.23   6.53   6.83   7.13   7.43
7.32   7.02   6.72   6.42   6.12   5.82   5.52   5.22   4.92   4.62   4.32   4.02   3.72   3.42   3.12   2.82   2.52   2.22   1.92   1.62   1.32   1.02   0.72   0.44   0.33   0.32   0.36   0.52   0.81   1.11   1.41   1.71   2.01   2.31   2.61   2.91   3.21   3.51   3.81   4.11   4.41   4.71   5.01   5.31   5.61   5.91   6.21   6.51   6.81   7.11   7.41
7.34   7.04   6.74   6.44   6.14   5.84   5.54   5.24   4.94   4.64   4.34   4.04   3.74   3.44   3.14   2.84   2.54   2.24   1.94   1.64   1.34   1.04   0.74   0.48   0.38   0.35   0.40   0.53   0.77   1.07   1.37   1.67   1.97   2.27   2.57   2.87   3.17   3.47   3.77   4.07   4.37   4.67   4.97   5.27   5.57   5.87   6.17   6.47   6.77   7.07   7.37
7.37   7.07   6.77   6.47   6.17   5.87   5.57   5.27   4.97   4.67   4.37   4.07   3.77   3.47   3.17   2.87   2.57   2.27   1.97   1.67   1.37   1.07   0.77   0.55   0.44   0.40   0.45   0.54   0.74   1.02   1.32   1.62   1.92   2.22   2.52   2.82   3.12   3.42   3.72   4.02   4.32   4.62   4.92   5.22   5.52   5.82   6.12   6.42   6.72   7.02   7.32
7.40   7.10   6.80   6.50   6.20   5.90   5.60   5.30   5.00   4.70   4.40   4.10   3.80   3.50   3.20   2.90   2.60   2.30   2.00   1.70   1.40   1.10   0.81   0.68   0.57   0.51   0.52   0.58   0.73   1.01   1.30   1.60   1.90   2.20   2.50   2.80   3.10   3.40   3.70   4.00   4.30   4.60   4.90   5.20   5.50   5.80   6.10   6.40   6.70   7.00   7.30
7.37   7.07   6.77   6.47   6.17   5.87   5.57   5.27   4.97   4.67   4.37   4.07   3.77   3.47   3.17   2.87   2.57   2.27   1.97   1.67   1.37   1.07   0.92   0.82   0.74   0.71   0.70   0.74   0.83   0.97   1.15   1.40   1.70   2.00   2.30   2.60   2.90   3.20   3.50   3.80   4.10   4.40   4.70   5.00   5.30   5.60   5.90   6.20   6.50   6.80   7.10
7.30   7.00   6.70   6.40   6.10   5.80   5.50   5.20   4.90   4.60   4.30   4.00   3.70   3.40   3.10   2.80   2.50   2.20   1.90   1.60   1.30   1.07   0.96   0.89   0.86   0.86   0.89   0.96   1.05   1.17   1.29   1.40   1.59   1.89   2.19   2.49   2.79   3.09   3.39   3.69   3.99   4.29   4.59   4.89   5.19   5.49   5.79   6.09   6.39   6.69   6.99
7.23   6.93   6.63   6.33   6.03   5.73   5.43   5.13   4.83   4.53   4.23   3.93   3.63   3.33   3.03   2.73   2.43   2.13   1.83   1.53   1.23   1.04   0.93   0.89   0.90   0.94   1.06   1.18   1.31   1.42   1.50   1.57   1.69   1.96   2.26   2.56   2.86   3.16   3.46   3.76   4.06   4.36   4.66   4.96   5.26   5.56   5.86   6.16   6.46   6.76   7.06
7.24   6.94   6.64   6.34   6.04   5.74   5.44   5.14   4.84   4.54   4.24   3.94   3.64   3.34   3.04   2.74   2.44   2.14   1.84   1.54   1.24   1.02   0.92   0.90   0.92   0.99   1.10   1.25   1.44   1.61   1.69   1.70   1.70   1.86   2.16   2.46   2.76   3.06   3.36   3.66   3.96   4.26   4.56   4.86   5.16   5.46   5.76   6.06   6.36   6.66   6.96
7.17   6.87   6.57   6.27   5.97   5.67   5.37   5.07   4.77   4.47   4.17   3.87   3.57   3.27   2.97   2.67   2.37   2.07   1.77   1.47   1.20   1.04   0.97   0.94   0.95   1.06   1.11   1.22   1.37   1.53   1.67   1.78   1.88   2.05   2.35   2.65   2.95   3.25   3.55   3.85   4.15   4.45   4.75   5.05   5.35   5.65   5.95   6.25   6.55   6.85   7.15
7.13   6.83   6.53   6.23   5.93   5.63   5.33   5.03   4.73   4.43   4.13   3.83   3.53   3.23   2.93   2.63   2.33   2.03   1.73   1.43   1.13   1.01   0.95   0.94   0.96   1.01   1.07   1.17   1.30   1.45   1.62   1.78   1.93   2.13   2.43   2.73   3.03   3.33   3.63   3.93   4.23   4.53   4.83   5.13   5.43   5.73   6.03   6.33   6.63   6.93   7.23
7.22   6.92   6.62   6.32   6.02   5.72   5.42   5.12   4.82   4.52   4.22   3.92   3.62   3.32   3.02   2.72   2.42   2.12   1.82   1.52   1.22   1.13   0.99   0.90   0.86   0.83   0.91   0.98   1.10   1.28   1.54   1.86   2.12   2.32   2.62   2.92   3.22   3.52   3.82   4.12   4.42   4.72   5.02   5.32   5.62   5.92   6.22   6.52   6.82   7.12   7.42
7.37   7.07   6.77   6.47   6.17   5.87   5.57   5.27   4.97   4.67   4.37   4.07   3.77   3.47   3.17   2.87   2.57   2.27   1.97   1.67   1.37   1.13   0.98   0.91   0.89   0.89   0.94   0.95   0.99   1.06   1.22   1.59   2.02   2.32   2.62   2.92   3.22   3.52   3.82   4.12   4.42   4.72   5.02   5.32   5.62   5.92   6.22   6.52   6.82   7.12   7.42
7.55   7.25   6.95   6.65   6.35   6.05   5.75   5.45   5.15   4.85   4.55   4.25   3.95   3.65   3.35   3.05   2.75   2.45   2.15   1.85   1.55   1.25   1.02   0.95   0.94   0.92   0.90   0.83   0.83   0.89   1.09   1.51   1.63   1.93   2.23   2.53   2.83   3.13   3.43   3.73   4.03   4.33   4.63   4.93   5.23   5.53   5.83   6.13   6.43   6.73   7.03
::