nonGaussian observation error table::
!
! only put comment (using !) in this block
!
# instrument   channel         stdev_from         predictor
#  amsua         ch5        OmF_full_clr_cld        sym_cld
!
! read the parameters for the table:
! max_range     = the range of OmF pdf in x axis
! dx            = dx in x-axis to define the bin for the OmF pdf
! bdy_slope     = the slope of stdev used to extrapolate to large OmF (larger = inflating more for extreme OmF)
! cri_costfn    = define the boundry of the cost-function that are used to estimate the stdev (not used in GSI code)
! num_cloud_cat = the number of cloud amount categories
! cloud_bin     = the boundary of cloud bins (size = num_cloud_cat +1 )
!
max_range      =  5.0
dx             =  0.15
bdy_slope      =  0.5
cri_costfn     =  1.0e-05
num_cloud_cat  =  14
::

cloud_bin::
0.00   0.03   0.05   0.07   0.10   0.15   0.20   0.25   0.30   0.35   0.40   0.50   0.60   0.80   1.00
::

bias::
-0.02   0.01   0.02   0.04   0.02   0.05   0.04   0.02   -0.00   0.04   0.04   0.12   0.11   0.19
::

stdev::
2.33   2.25   2.18   2.10   2.03   1.95   1.88   1.80   1.73   1.65   1.58   1.50   1.43   1.35   1.28   1.20   1.13   1.05   0.98   0.90   0.83   0.75   0.68   0.60   0.53   0.45   0.38   0.30   0.23   0.15   0.11   0.21   0.19   0.16   0.17   0.19   0.20   0.21   0.23   0.31   0.38   0.46   0.53   0.61   0.68   0.76   0.83   0.91   0.98   1.06   1.13   1.21   1.28   1.36   1.43   1.51   1.58   1.66   1.73   1.81   1.88   1.96   2.03   2.11   2.18   2.26   2.33
2.34   2.26   2.19   2.11   2.04   1.96   1.89   1.81   1.74   1.66   1.59   1.51   1.44   1.36   1.29   1.21   1.14   1.06   0.99   0.91   0.84   0.76   0.69   0.61   0.54   0.46   0.39   0.31   0.24   0.16   0.13   0.20   0.22   0.19   0.18   0.18   0.20   0.22   0.23   0.30   0.38   0.45   0.53   0.60   0.68   0.75   0.83   0.90   0.98   1.05   1.13   1.20   1.28   1.35   1.43   1.50   1.58   1.65   1.73   1.80   1.88   1.95   2.03   2.10   2.18   2.25   2.33
2.36   2.28   2.21   2.13   2.06   1.98   1.91   1.83   1.76   1.68   1.61   1.53   1.46   1.38   1.31   1.23   1.16   1.08   1.01   0.93   0.86   0.78   0.71   0.63   0.56   0.48   0.41   0.33   0.26   0.18   0.14   0.19   0.23   0.23   0.20   0.19   0.20   0.23   0.26   0.30   0.37   0.45   0.52   0.60   0.67   0.75   0.82   0.90   0.97   1.05   1.12   1.20   1.27   1.35   1.42   1.50   1.57   1.65   1.72   1.80   1.87   1.95   2.02   2.10   2.17   2.25   2.32
2.37   2.29   2.22   2.14   2.07   1.99   1.92   1.84   1.77   1.69   1.62   1.54   1.47   1.39   1.32   1.24   1.17   1.09   1.02   0.94   0.87   0.79   0.72   0.64   0.57   0.49   0.42   0.34   0.27   0.19   0.16   0.19   0.23   0.24   0.21   0.20   0.21   0.24   0.28   0.30   0.36   0.44   0.51   0.59   0.66   0.74   0.81   0.89   0.96   1.04   1.11   1.19   1.26   1.34   1.41   1.49   1.56   1.64   1.71   1.79   1.86   1.94   2.01   2.09   2.16   2.24   2.31
2.38   2.31   2.23   2.16   2.08   2.01   1.93   1.86   1.78   1.71   1.63   1.56   1.48   1.41   1.33   1.26   1.18   1.11   1.03   0.96   0.88   0.81   0.73   0.66   0.58   0.51   0.43   0.36   0.28   0.21   0.18   0.19   0.21   0.23   0.24   0.25   0.26   0.27   0.30   0.35   0.39   0.46   0.53   0.61   0.68   0.76   0.83   0.91   0.98   1.06   1.13   1.21   1.28   1.36   1.43   1.51   1.58   1.66   1.73   1.81   1.88   1.96   2.03   2.11   2.18   2.26   2.33
2.39   2.32   2.24   2.17   2.09   2.02   1.94   1.87   1.79   1.72   1.64   1.57   1.49   1.42   1.34   1.27   1.19   1.12   1.04   0.97   0.89   0.82   0.74   0.67   0.59   0.52   0.44   0.37   0.29   0.22   0.21   0.22   0.23   0.24   0.25   0.26   0.28   0.31   0.36   0.42   0.47   0.47   0.43   0.48   0.55   0.63   0.70   0.78   0.85   0.93   1.00   1.08   1.15   1.23   1.30   1.38   1.45   1.53   1.60   1.68   1.75   1.83   1.90   1.98   2.05   2.13   2.20
2.39   2.31   2.24   2.16   2.09   2.01   1.94   1.86   1.79   1.71   1.64   1.56   1.49   1.41   1.34   1.26   1.19   1.11   1.04   0.96   0.89   0.81   0.74   0.66   0.59   0.51   0.44   0.36   0.29   0.23   0.22   0.22   0.23   0.24   0.26   0.29   0.33   0.37   0.43   0.50   0.55   0.57   0.54   0.50   0.48   0.56   0.63   0.71   0.78   0.86   0.93   1.01   1.08   1.16   1.23   1.31   1.38   1.46   1.53   1.61   1.68   1.76   1.83   1.91   1.98   2.06   2.13
2.37   2.30   2.22   2.15   2.07   2.00   1.92   1.85   1.77   1.70   1.62   1.55   1.47   1.40   1.32   1.25   1.17   1.10   1.02   0.95   0.87   0.80   0.72   0.65   0.57   0.50   0.42   0.35   0.27   0.25   0.24   0.24   0.24   0.25   0.26   0.30   0.35   0.42   0.51   0.59   0.64   0.64   0.62   0.60   0.59   0.53   0.58   0.65   0.73   0.80   0.88   0.95   1.03   1.10   1.18   1.25   1.33   1.40   1.48   1.55   1.63   1.70   1.78   1.85   1.93   2.00   2.08
2.37   2.29   2.22   2.14   2.07   1.99   1.92   1.84   1.77   1.69   1.62   1.54   1.47   1.39   1.32   1.24   1.17   1.09   1.02   0.94   0.87   0.79   0.72   0.64   0.57   0.49   0.42   0.34   0.27   0.23   0.23   0.23   0.24   0.26   0.29   0.32   0.37   0.43   0.51   0.60   0.69   0.75   0.76   0.74   0.70   0.64   0.58   0.63   0.71   0.78   0.86   0.93   1.01   1.08   1.16   1.23   1.31   1.38   1.46   1.53   1.61   1.68   1.76   1.83   1.91   1.98   2.06
2.39   2.32   2.24   2.17   2.09   2.02   1.94   1.87   1.79   1.72   1.64   1.57   1.49   1.42   1.34   1.27   1.19   1.12   1.04   0.97   0.89   0.82   0.74   0.67   0.59   0.52   0.44   0.37   0.32   0.29   0.26   0.25   0.24   0.24   0.26   0.28   0.32   0.38   0.47   0.60   0.75   0.85   0.88   0.85   0.81   0.75   0.60   0.48   0.56   0.63   0.71   0.78   0.86   0.93   1.01   1.08   1.16   1.23   1.31   1.38   1.46   1.53   1.61   1.68   1.76   1.83   1.91
2.39   2.31   2.24   2.16   2.09   2.01   1.94   1.86   1.79   1.71   1.64   1.56   1.49   1.41   1.34   1.26   1.19   1.11   1.04   0.96   0.89   0.81   0.74   0.66   0.59   0.51   0.44   0.36   0.29   0.26   0.25   0.25   0.25   0.26   0.28   0.30   0.34   0.38   0.44   0.52   0.64   0.78   0.93   1.00   0.95   0.85   0.76   0.70   0.70   0.78   0.85   0.93   1.00   1.08   1.15   1.23   1.30   1.38   1.45   1.53   1.60   1.68   1.75   1.83   1.90   1.98   2.05
2.34   2.27   2.19   2.12   2.04   1.97   1.89   1.82   1.74   1.67   1.59   1.52   1.44   1.37   1.29   1.22   1.14   1.07   0.99   0.92   0.84   0.77   0.69   0.62   0.54   0.47   0.39   0.32   0.24   0.28   0.30   0.30   0.29   0.28   0.27   0.28   0.30   0.32   0.37   0.43   0.54   0.71   0.99   1.32   1.27   0.99   0.79   0.69   0.67   0.74   0.82   0.89   0.97   1.04   1.12   1.19   1.27   1.34   1.42   1.49   1.57   1.64   1.72   1.79   1.87   1.94   2.02
2.45   2.37   2.30   2.22   2.15   2.07   2.00   1.92   1.85   1.77   1.70   1.62   1.55   1.47   1.40   1.32   1.25   1.17   1.10   1.02   0.95   0.87   0.80   0.72   0.65   0.57   0.50   0.42   0.35   0.31   0.28   0.26   0.26   0.26   0.28   0.29   0.32   0.35   0.41   0.47   0.55   0.64   0.70   0.74   0.75   0.76   0.81   0.95   1.07   1.14   1.22   1.29   1.37   1.44   1.52   1.59   1.67   1.74   1.82   1.89   1.97   2.04   2.12   2.19   2.27   2.34   2.42
2.29   2.21   2.14   2.06   1.99   1.91   1.84   1.76   1.69   1.61   1.54   1.46   1.39   1.31   1.24   1.16   1.09   1.01   0.94   0.86   0.79   0.71   0.64   0.56   0.49   0.41   0.39   0.49   0.49   0.45   0.40   0.38   0.37   0.37   0.39   0.42   0.44   0.47   0.49   0.52   0.53   0.55   0.59   0.66   0.78   0.92   0.83   0.54   0.47   0.55   0.62   0.70   0.77   0.85   0.92   1.00   1.07   1.15   1.22   1.30   1.37   1.45   1.52   1.60   1.67   1.75   1.82
::