nonGaussian observation error table::
!
! only put comment (using !) in this block
!
# instrument   channel         stdev_from         predictor
#  amsua         ch1        OmF_full_clr_cld        sym_cld
!
! read the parameters for the table:
! max_range     = the range of OmF pdf in x axis
! dx            = dx in x-axis to define the bin for the OmF pdf
! bdy_slope     = the slope of stdev used to extrapolate to large OmF (larger = inflating more for extreme OmF)
! cri_costfn    = define the boundry of the cost-function that are used to estimate the stdev (not used in GSI code)
! num_cloud_cat = the number of cloud amount categories
! cloud_bin     = the boundary of cloud bins (size = num_cloud_cat +1 )
!
max_range      =  60.0
dx             =  3.00
bdy_slope      =  0.5
cri_costfn     =  3.2e-06
num_cloud_cat  =  14
::

cloud_bin::
0.00   0.03   0.05   0.07   0.10   0.15   0.20   0.25   0.30   0.35   0.40   0.50   0.60   0.80   1.00
::

bias::
-0.30   0.00   0.30   0.90   1.80   2.30   0.70   -0.20   -1.20   -1.10   -0.70   -0.20   0.90   2.00
::

stdev::
29.63   28.13   26.63   25.13   23.63   22.13   20.63   19.13   17.63   16.13   14.63   13.13   11.63   10.13   8.63   7.13   5.63   4.13   2.66   1.86   1.67   2.01   2.97   4.47   5.97   7.47   8.97   10.47   11.97   13.47   14.97   16.47   17.97   19.47   20.97   22.47   23.97   25.47   26.97   28.47   29.97
29.73   28.23   26.73   25.23   23.73   22.23   20.73   19.23   17.73   16.23   14.73   13.23   11.73   10.23   8.73   7.23   5.73   4.23   2.80   2.07   1.89   2.09   2.83   4.24   5.74   7.24   8.74   10.24   11.74   13.24   14.74   16.24   17.74   19.24   20.74   22.24   23.74   25.24   26.74   28.24   29.74
29.75   28.25   26.75   25.25   23.75   22.25   20.75   19.25   17.75   16.25   14.75   13.25   11.75   10.25   8.75   7.25   5.75   4.25   2.90   2.33   2.11   2.30   2.87   4.08   5.58   7.08   8.58   10.08   11.58   13.08   14.58   16.08   17.58   19.08   20.58   22.08   23.58   25.08   26.58   28.08   29.58
30.05   28.55   27.05   25.55   24.05   22.55   21.05   19.55   18.05   16.55   15.05   13.55   12.05   10.55   9.05   7.55   6.05   4.55   3.24   2.68   2.52   2.57   2.98   3.74   5.22   6.72   8.22   9.72   11.22   12.72   14.22   15.72   17.22   18.72   20.22   21.72   23.22   24.72   26.22   27.72   29.22
30.36   28.86   27.36   25.86   24.36   22.86   21.36   19.86   18.36   16.86   15.36   13.86   12.36   10.86   9.36   7.86   6.36   4.86   3.85   3.41   3.18   3.14   3.44   4.06   4.86   6.36   7.86   9.36   10.86   12.36   13.86   15.36   16.86   18.36   19.86   21.36   22.86   24.36   25.86   27.36   28.86
30.30   28.80   27.30   25.80   24.30   22.80   21.30   19.80   18.30   16.80   15.30   13.80   12.30   10.80   9.30   7.80   6.30   4.87   4.67   4.62   4.66   4.63   4.90   5.21   5.60   6.00   7.27   8.77   10.27   11.77   13.27   14.77   16.27   17.77   19.27   20.77   22.27   23.77   25.27   26.77   28.27
29.76   28.26   26.76   25.26   23.76   22.26   20.76   19.26   17.76   16.26   14.76   13.26   11.76   10.26   8.76   7.26   5.76   4.94   4.85   5.11   5.56   6.59   7.45   7.85   7.66   7.33   7.33   8.79   10.29   11.79   13.29   14.79   16.29   17.79   19.29   20.79   22.29   23.79   25.29   26.79   28.29
29.19   27.69   26.19   24.69   23.19   21.69   20.19   18.69   17.19   15.69   14.19   12.69   11.19   9.69   8.19   6.69   5.43   5.25   5.28   5.50   6.04   6.53   7.28   8.08   8.76   9.19   9.41   10.20   11.70   13.20   14.70   16.20   17.70   19.20   20.70   22.20   23.70   25.20   26.70   28.20   29.70
29.26   27.76   26.26   24.76   23.26   21.76   20.26   18.76   17.26   15.76   14.26   12.76   11.26   9.76   8.26   6.76   5.71   5.24   5.15   5.40   5.78   6.59   7.62   8.68   9.42   9.75   10.01   11.02   12.52   14.02   15.52   17.02   18.52   20.02   21.52   23.02   24.52   26.02   27.52   29.02   30.52
29.17   27.67   26.17   24.67   23.17   21.67   20.17   18.67   17.17   15.67   14.17   12.67   11.17   9.67   8.17   6.67   6.02   5.65   5.51   5.57   5.88   6.31   6.97   7.85   8.87   9.86   10.58   11.85   13.35   14.85   16.35   17.85   19.35   20.85   22.35   23.85   25.35   26.85   28.35   29.85   31.35
29.59   28.09   26.59   25.09   23.59   22.09   20.59   19.09   17.59   16.09   14.59   13.09   11.59   10.09   8.59   7.09   6.25   5.69   5.40   5.34   5.40   5.74   6.26   6.99   7.97   9.16   10.49   11.99   13.49   14.99   16.49   17.99   19.49   20.99   22.49   23.99   25.49   26.99   28.49   29.99   31.49
29.81   28.31   26.81   25.31   23.81   22.31   20.81   19.31   17.81   16.31   14.81   13.31   11.81   10.31   8.81   7.31   6.25   5.69   5.40   5.29   5.40   5.49   5.77   6.19   6.81   7.74   9.23   10.73   12.23   13.73   15.23   16.73   18.23   19.73   21.23   22.73   24.23   25.73   27.23   28.73   30.23
30.64   29.14   27.64   26.14   24.64   23.14   21.64   20.14   18.64   17.14   15.64   14.14   12.64   11.14   9.64   8.14   6.75   5.95   5.57   5.42   5.38   5.60   5.72   5.88   6.07   6.38   7.84   9.34   10.84   12.34   13.84   15.34   16.84   18.34   19.84   21.34   22.84   24.34   25.84   27.34   28.84
30.60   29.10   27.60   26.10   24.60   23.10   21.60   20.10   18.60   17.10   15.60   14.10   12.60   11.10   9.60   8.10   6.93   6.59   6.09   5.52   5.10   5.15   5.56   6.73   6.64   3.81   5.18   6.68   8.18   9.68   11.18   12.68   14.18   15.68   17.18   18.68   20.18   21.68   23.18   24.68   26.18
::