nonGaussian observation error table::
!
! only put comment (using !) in this block
!
# instrument   channel         stdev_from         predictor
#  amsua         ch2        OmF_full_clr_cld        sym_cld
!
! read the parameters for the table:
! max_range     = the range of OmF pdf in x axis
! dx            = dx in x-axis to define the bin for the OmF pdf
! bdy_slope     = the slope of stdev used to extrapolate to large OmF (larger = inflating more for extreme OmF)
! cri_costfn    = define the boundry of the cost-function that are used to estimate the stdev (not used in GSI code)
! num_cloud_cat = the number of cloud amount categories
! cloud_bin     = the boundary of cloud bins (size = num_cloud_cat +1 )
!
max_range      =  60.0
dx             =  3.00
bdy_slope      =  0.5
cri_costfn     =  3.2e-06
num_cloud_cat  =  14
::

cloud_bin::
0.00   0.03   0.05   0.07   0.10   0.15   0.20   0.25   0.30   0.35   0.40   0.50   0.60   0.80   1.00
::

bias::
-0.50   -0.10   0.40   1.30   2.50   3.20   1.50   -1.20   -1.60   -1.50   -1.00   -0.50   2.70   4.30
::

stdev::
29.48   27.98   26.48   24.98   23.48   21.98   20.48   18.98   17.48   15.98   14.48   12.98   11.48   9.98   8.48   6.98   5.48   3.98   2.48   1.35   1.22   1.78   2.89   4.39   5.89   7.39   8.89   10.39   11.89   13.39   14.89   16.39   17.89   19.39   20.89   22.39   23.89   25.39   26.89   28.39   29.89
29.50   28.00   26.50   25.00   23.50   22.00   20.50   19.00   17.50   16.00   14.50   13.00   11.50   10.00   8.50   7.00   5.50   4.00   2.50   1.89   1.73   2.01   2.74   4.17   5.67   7.17   8.67   10.17   11.67   13.17   14.67   16.17   17.67   19.17   20.67   22.17   23.67   25.17   26.67   28.17   29.67
29.70   28.20   26.70   25.20   23.70   22.20   20.70   19.20   17.70   16.20   14.70   13.20   11.70   10.20   8.70   7.20   5.70   4.20   2.85   2.42   2.26   2.49   2.99   3.86   5.36   6.86   8.36   9.86   11.36   12.86   14.36   15.86   17.36   18.86   20.36   21.86   23.36   24.86   26.36   27.86   29.36
30.27   28.77   27.27   25.77   24.27   22.77   21.27   19.77   18.27   16.77   15.27   13.77   12.27   10.77   9.27   7.77   6.27   4.77   3.68   3.11   2.89   2.98   3.37   3.94   4.80   6.30   7.80   9.30   10.80   12.30   13.80   15.30   16.80   18.30   19.80   21.30   22.80   24.30   25.80   27.30   28.80
31.33   29.83   28.33   26.83   25.33   23.83   22.33   20.83   19.33   17.83   16.33   14.83   13.33   11.83   10.33   8.83   7.33   5.97   5.02   4.25   3.85   4.00   4.16   4.78   5.56   5.81   7.20   8.70   10.20   11.70   13.20   14.70   16.20   17.70   19.20   20.70   22.20   23.70   25.20   26.70   28.20
31.50   30.00   28.50   27.00   25.50   24.00   22.50   21.00   19.50   18.00   16.50   15.00   13.50   12.00   10.50   9.00   7.77   7.22   6.68   6.32   6.18   6.39   6.48   7.02   7.64   8.04   7.88   7.55   9.05   10.55   12.05   13.55   15.05   16.55   18.05   19.55   21.05   22.55   24.05   25.55   27.05
30.27   28.77   27.27   25.77   24.27   22.77   21.27   19.77   18.27   16.77   15.27   13.77   12.27   10.77   9.27   8.19   8.07   7.94   7.83   7.82   7.99   8.22   8.88   9.83   11.07   12.21   12.42   11.36   9.87   10.35   11.85   13.35   14.85   16.35   17.85   19.35   20.85   22.35   23.85   25.35   26.85
29.42   27.92   26.42   24.92   23.42   21.92   20.42   18.92   17.42   15.92   14.42   12.92   11.42   9.92   8.42   7.93   7.66   7.60   7.69   7.92   8.69   9.22   10.13   11.32   12.78   14.35   15.60   15.95   15.19   13.76   14.33   15.83   17.33   18.83   20.33   21.83   23.33   24.83   26.33   27.83   29.33
29.71   28.21   26.71   25.21   23.71   22.21   20.71   19.21   17.71   16.21   14.71   13.21   11.71   10.21   9.24   8.67   8.30   8.10   8.05   8.13   8.46   8.90   9.57   10.52   11.83   13.58   15.70   17.73   18.62   17.70   17.53   19.03   20.53   22.03   23.53   25.03   26.53   28.03   29.53   31.03   32.53
29.70   28.20   26.70   25.20   23.70   22.20   20.70   19.20   17.70   16.20   14.70   13.20   11.70   10.32   9.77   9.31   8.95   8.70   8.56   8.52   8.74   8.98   9.41   10.07   11.00   12.29   14.04   16.29   18.72   20.42   21.92   23.42   24.92   26.42   27.92   29.42   30.92   32.42   33.92   35.42   36.92
29.97   28.47   26.97   25.47   23.97   22.47   20.97   19.47   17.97   16.47   14.97   13.47   11.97   10.47   9.76   9.28   8.98   8.81   8.76   8.83   8.81   9.09   9.40   9.81   10.35   11.04   11.93   13.11   14.60   16.10   17.60   19.10   20.60   22.10   23.60   25.10   26.60   28.10   29.60   31.10   32.60
29.96   28.46   26.96   25.46   23.96   22.46   20.96   19.46   17.96   16.46   14.96   13.46   11.96   10.46   9.61   9.19   8.97   8.89   8.93   9.08   8.91   9.31   9.56   9.80   10.07   10.37   10.75   11.26   12.55   14.05   15.55   17.05   18.55   20.05   21.55   23.05   24.55   26.05   27.55   29.05   30.55
31.48   29.98   28.48   26.98   25.48   23.98   22.48   20.98   19.48   17.98   16.48   14.98   13.48   11.98   10.92   10.53   10.22   9.96   9.71   9.48   9.23   9.47   9.03   8.90   8.87   8.93   9.12   9.49   10.57   12.07   13.57   15.07   16.57   18.07   19.57   21.07   22.57   24.07   25.57   27.07   28.57
31.54   30.04   28.54   27.04   25.54   24.04   22.54   21.04   19.54   18.04   16.54   15.04   13.54   12.04   10.54   10.19   10.18   10.29   10.46   10.64   10.77   10.83   10.83   10.65   10.24   9.50   8.38   7.05   7.31   8.81   10.31   11.81   13.31   14.81   16.31   17.81   19.31   20.81   22.31   23.81   25.31
::