nonGaussian observation error table::
!
! only put comment (using !) in this block
!
# instrument   channel         stdev_from         predictor
#  atms         ch2        OmF_full_clr_cld        sym_cld
!
! read the parameters for the table:
! max_range     = the range of OmF pdf in x axis
! dx            = dx in x-axis to define the bin for the OmF pdf
! bdy_slope     = the slope of stdev used to extrapolate to large OmF (larger = inflating more for extreme OmF)
! cri_costfn    = define the boundry of the cost-function that are used to estimate the stdev (not used in GSI code)
! num_cloud_cat = the number of cloud amount categories
! cloud_bin     = the boundary of cloud bins (size = num_cloud_cat +1 )
!
max_range      =  80.0
dx             =  3.00
bdy_slope      =  0.5
cri_costfn     =  3.2e-06
num_cloud_cat  =  12
::

cloud_bin::
0.00   0.03   0.05   0.07   0.10   0.15   0.20   0.25   0.30   0.35   0.40   0.50   1.00
::

bias::
-0.50   -0.20   0.30   1.30   2.70   2.60   1.40   -2.40   -4.50   -8.10   -20.90   -27.10
::

stdev::
39.45   37.95   36.45   34.95   33.45   31.95   30.45   28.95   27.45   25.95   24.45   22.95   21.45   19.95   18.45   16.95   15.45   13.95   12.45   10.95   9.45   7.95   6.45   4.95   3.45   1.97   1.29   1.28   1.83   3.30   4.80   6.30   7.80   9.30   10.80   12.30   13.80   15.30   16.80   18.30   19.80   21.30   22.80   24.30   25.80   27.30   28.80   30.30   31.80   33.30   34.80   36.30   37.80   39.30
39.55   38.05   36.55   35.05   33.55   32.05   30.55   29.05   27.55   26.05   24.55   23.05   21.55   20.05   18.55   17.05   15.55   14.05   12.55   11.05   9.55   8.05   6.55   5.05   3.55   2.25   1.68   1.79   2.23   3.07   4.57   6.07   7.57   9.07   10.57   12.07   13.57   15.07   16.57   18.07   19.57   21.07   22.57   24.07   25.57   27.07   28.57   30.07   31.57   33.07   34.57   36.07   37.57   39.07
39.59   38.09   36.59   35.09   33.59   32.09   30.59   29.09   27.59   26.09   24.59   23.09   21.59   20.09   18.59   17.09   15.59   14.09   12.59   11.09   9.59   8.09   6.59   5.09   3.59   2.72   2.18   2.20   2.78   2.89   4.04   5.54   7.04   8.54   10.04   11.54   13.04   14.54   16.04   17.54   19.04   20.54   22.04   23.54   25.04   26.54   28.04   29.54   31.04   32.54   34.04   35.54   37.04   38.54
40.17   38.67   37.17   35.67   34.17   32.67   31.17   29.67   28.17   26.67   25.17   23.67   22.17   20.67   19.17   17.67   16.17   14.67   13.17   11.67   10.17   8.67   7.17   5.67   4.17   3.46   2.92   2.70   3.19   3.44   3.64   5.08   6.58   8.08   9.58   11.08   12.58   14.08   15.58   17.08   18.58   20.08   21.58   23.08   24.58   26.08   27.58   29.08   30.58   32.08   33.58   35.08   36.58   38.08
41.33   39.83   38.33   36.83   35.33   33.83   32.33   30.83   29.33   27.83   26.33   24.83   23.33   21.83   20.33   18.83   17.33   15.83   14.33   12.83   11.33   9.83   8.33   6.83   5.75   4.80   4.12   3.81   3.84   4.21   4.77   4.79   5.67   7.17   8.67   10.17   11.67   13.17   14.67   16.17   17.67   19.17   20.67   22.17   23.67   25.17   26.67   28.17   29.67   31.17   32.67   34.17   35.67   37.17
41.39   39.89   38.39   36.89   35.39   33.89   32.39   30.89   29.39   27.89   26.39   24.89   23.39   21.89   20.39   18.89   17.39   15.89   14.39   12.89   11.39   9.89   8.55   8.44   7.63   6.42   5.56   5.25   5.68   6.60   7.90   8.04   6.89   6.10   7.60   9.10   10.60   12.10   13.60   15.10   16.60   18.10   19.60   21.10   22.60   24.10   25.60   27.10   28.60   30.10   31.60   33.10   34.60   36.10
40.93   39.43   37.93   36.43   34.93   33.43   31.93   30.43   28.93   27.43   25.93   24.43   22.93   21.43   19.93   18.43   16.93   15.43   13.93   12.43   10.93   10.02   9.52   9.11   8.83   8.70   8.72   8.56   9.43   9.91   10.46   10.87   10.77   9.95   8.61   9.32   10.82   12.32   13.82   15.32   16.82   18.32   19.82   21.32   22.82   24.32   25.82   27.32   28.82   30.32   31.82   33.32   34.82   36.32
38.88   37.38   35.88   34.38   32.88   31.38   29.88   28.38   26.88   25.38   23.88   22.38   20.88   19.38   17.88   16.38   14.88   13.38   11.88   10.65   10.40   10.24   10.18   10.23   10.40   10.73   10.52   11.52   12.23   13.02   13.80   14.37   14.43   13.78   12.50   11.34   12.84   14.34   15.84   17.34   18.84   20.34   21.84   23.34   24.84   26.34   27.84   29.34   30.84   32.34   33.84   35.34   36.84   38.34
37.62   36.12   34.62   33.12   31.62   30.12   28.62   27.12   25.62   24.12   22.62   21.12   19.62   18.12   16.62   15.12   13.62   12.97   13.07   13.15   13.23   13.30   13.36   13.41   13.44   13.15   13.69   13.70   13.75   13.80   13.87   13.95   14.04   14.15   14.28   15.19   16.69   18.19   19.69   21.19   22.69   24.19   25.69   27.19   28.69   30.19   31.69   33.19   34.69   36.19   37.69   39.19   40.69   42.19
36.65   35.15   33.65   32.15   30.65   29.15   27.65   26.15   24.65   23.15   21.65   20.15   18.65   17.15   15.70   15.80   15.90   15.99   16.09   16.18   16.27   16.36   16.44   16.48   16.93   16.88   16.93   17.01   17.09   17.18   17.27   17.36   17.44   17.53   17.62   17.94   19.44   20.94   22.44   23.94   25.44   26.94   28.44   29.94   31.44   32.94   34.44   35.94   37.44   38.94   40.44   41.94   43.44   44.94
29.06   27.56   26.06   24.56   23.06   21.56   20.06   18.56   17.06   15.56   14.06   12.91   13.60   14.34   15.15   16.04   17.00   18.03   19.16   20.41   21.03   22.52   23.69   24.71   25.52   26.05   26.23   26.04   25.52   24.71   23.70   22.57   21.38   20.20   20.10   21.60   23.10   24.60   26.10   27.60   29.10   30.60   32.10   33.60   35.10   36.60   38.10   39.60   41.10   42.60   44.10   45.60   47.10   48.60
29.81   28.31   26.81   25.31   23.81   22.31   21.57   21.82   22.08   22.34   22.61   22.89   23.18   23.48   23.80   24.13   24.50   25.03   24.50   25.24   25.66   26.06   26.46   26.87   27.28   27.71   28.16   28.62   29.10   29.60   30.12   30.65   31.22   31.80   33.06   34.56   36.06   37.56   39.06   40.56   42.06   43.56   45.06   46.56   48.06   49.56   51.06   52.56   54.06   55.56   57.06   58.56   60.06   61.56
::