nonGaussian observation error table::
!
! only put comment (using !) in this block
!
# instrument   channel         stdev_from         predictor
#  atms         ch19        OmF_full_clr_cld        sym_cld
!
! read the parameters for the table:
! max_range     = the range of OmF pdf in x axis
! dx            = dx in x-axis to define the bin for the OmF pdf
! bdy_slope     = the slope of stdev used to extrapolate to large OmF (larger = inflating more for extreme OmF)
! cri_costfn    = define the boundry of the cost-function that are used to estimate the stdev (not used in GSI code)
! num_cloud_cat = the number of cloud amount categories
! cloud_bin     = the boundary of cloud bins (size = num_cloud_cat +1 )
!
max_range      =  30.0
dx             =  1.50
bdy_slope      =  0.5
cri_costfn     =  3.2e-06
num_cloud_cat  =  12
::

cloud_bin::
0.00   0.03   0.05   0.07   0.10   0.15   0.20   0.25   0.30   0.35   0.40   0.50   1.00
::

bias::
0.10   0.15   0.10   0.10   0.00   -0.20   -0.05   -0.35   -0.15   0.35   0.20   7.05
::

stdev::
15.04   14.29   13.54   12.79   12.04   11.29   10.54   9.79   9.04   8.29   7.54   6.79   6.04   5.29   4.54   3.79   3.04   2.29   1.78   1.00   0.79   0.92   1.45   2.19   2.94   3.69   4.44   5.19   5.94   6.69   7.44   8.19   8.94   9.69   10.44   11.19   11.94   12.69   13.44   14.19   14.94
14.98   14.23   13.48   12.73   11.98   11.23   10.48   9.73   8.98   8.23   7.48   6.73   5.98   5.23   4.48   3.73   2.98   2.23   1.85   1.03   0.85   0.93   1.59   2.22   2.97   3.72   4.47   5.22   5.97   6.72   7.47   8.22   8.97   9.72   10.47   11.22   11.97   12.72   13.47   14.22   14.97
15.19   14.44   13.69   12.94   12.19   11.44   10.69   9.94   9.19   8.44   7.69   6.94   6.19   5.44   4.69   3.94   3.19   2.44   1.78   1.05   0.85   1.03   1.68   2.40   2.94   3.69   4.44   5.19   5.94   6.69   7.44   8.19   8.94   9.69   10.44   11.19   11.94   12.69   13.44   14.19   14.94
15.07   14.32   13.57   12.82   12.07   11.32   10.57   9.82   9.07   8.32   7.57   6.82   6.07   5.32   4.57   3.82   3.07   2.64   1.82   1.10   0.96   1.08   1.78   2.69   2.79   3.54   4.29   5.04   5.79   6.54   7.29   8.04   8.79   9.54   10.29   11.04   11.79   12.54   13.29   14.04   14.79
14.87   14.12   13.37   12.62   11.87   11.12   10.37   9.62   8.87   8.12   7.37   6.62   5.87   5.12   4.37   3.62   2.87   2.68   1.80   1.14   0.98   1.16   1.84   2.73   2.80   3.55   4.30   5.05   5.80   6.55   7.30   8.05   8.80   9.55   10.30   11.05   11.80   12.55   13.30   14.05   14.80
15.00   14.25   13.50   12.75   12.00   11.25   10.50   9.75   9.00   8.25   7.50   6.75   6.00   5.25   4.50   3.75   3.00   2.63   1.55   1.15   1.13   1.32   1.88   2.68   3.04   3.79   4.54   5.29   6.04   6.79   7.54   8.29   9.04   9.79   10.54   11.29   12.04   12.79   13.54   14.29   15.04
14.52   13.77   13.02   12.27   11.52   10.77   10.02   9.27   8.52   7.77   7.02   6.27   5.52   4.77   4.02   3.27   2.52   1.89   1.69   1.61   1.64   1.69   1.83   2.09   2.66   3.41   4.16   4.91   5.66   6.41   7.16   7.91   8.66   9.41   10.16   10.91   11.66   12.41   13.16   13.91   14.66
14.35   13.60   12.85   12.10   11.35   10.60   9.85   9.10   8.35   7.60   6.85   6.10   5.35   4.60   3.85   3.10   2.35   1.63   1.48   1.51   1.59   1.84   2.13   2.47   2.80   3.55   4.30   5.05   5.80   6.55   7.30   8.05   8.80   9.55   10.30   11.05   11.80   12.55   13.30   14.05   14.80
14.45   13.70   12.95   12.20   11.45   10.70   9.95   9.20   8.45   7.70   6.95   6.20   5.45   4.70   3.95   3.20   2.45   1.88   1.71   1.66   1.82   1.84   2.05   2.43   3.09   3.93   4.68   5.43   6.18   6.93   7.68   8.43   9.18   9.93   10.68   11.43   12.18   12.93   13.68   14.43   15.18
14.35   13.60   12.85   12.10   11.35   10.60   9.85   9.10   8.35   7.60   6.85   6.10   5.35   4.60   3.85   3.10   2.35   2.15   2.19   2.23   2.27   2.37   2.45   2.55   2.68   2.86   3.61   4.36   5.11   5.86   6.61   7.36   8.11   8.86   9.61   10.36   11.11   11.86   12.61   13.36   14.11
14.22   13.47   12.72   11.97   11.22   10.47   9.72   8.97   8.22   7.47   6.72   5.97   5.22   4.47   3.72   2.97   2.25   2.40   2.57   2.76   3.03   3.16   3.40   3.65   3.89   4.12   4.30   4.42   5.10   5.85   6.60   7.35   8.10   8.85   9.60   10.35   11.10   11.85   12.60   13.35   14.10
16.46   17.13   17.83   18.57   19.33   20.13   20.95   21.78   22.61   23.42   24.19   24.90   25.52   26.03   26.39   26.59   26.62   26.48   26.17   25.71   25.12   24.44   23.67   22.85   21.94   21.58   20.50   19.66   18.87   18.11   17.40   16.71   16.07   15.46   14.88   14.34   13.82   13.34   12.88   12.45   12.05
::