nonGaussian observation error table::
!
! only put comment (using !) in this block
!
# instrument   channel         stdev_from         predictor
#  atms         ch18        OmF_full_clr_cld        sym_cld
!
! read the parameters for the table:
! max_range     = the range of OmF pdf in x axis
! dx            = dx in x-axis to define the bin for the OmF pdf
! bdy_slope     = the slope of stdev used to extrapolate to large OmF (larger = inflating more for extreme OmF)
! cri_costfn    = define the boundry of the cost-function that are used to estimate the stdev (not used in GSI code)
! num_cloud_cat = the number of cloud amount categories
! cloud_bin     = the boundary of cloud bins (size = num_cloud_cat +1 )
!
max_range      =  30.0
dx             =  1.50
bdy_slope      =  0.5
cri_costfn     =  3.2e-06
num_cloud_cat  =  12
::

cloud_bin::
0.00   0.03   0.05   0.07   0.10   0.15   0.20   0.25   0.30   0.35   0.40   0.50   1.00
::

bias::
0.15   0.15   0.20   0.20   0.20   0.25   0.55   0.60   0.55   0.55   -0.15   11.35
::

stdev::
15.31   14.56   13.81   13.06   12.31   11.56   10.81   10.06   9.31   8.56   7.81   7.06   6.31   5.56   4.81   4.06   3.31   2.56   1.88   1.00   0.69   0.81   1.45   2.23   2.98   3.73   4.48   5.23   5.98   6.73   7.48   8.23   8.98   9.73   10.48   11.23   11.98   12.73   13.48   14.23   14.98
15.46   14.71   13.96   13.21   12.46   11.71   10.96   10.21   9.46   8.71   7.96   7.21   6.46   5.71   4.96   4.21   3.46   2.71   1.89   1.00   0.75   0.87   1.54   2.24   2.99   3.74   4.49   5.24   5.99   6.74   7.49   8.24   8.99   9.74   10.49   11.24   11.99   12.74   13.49   14.24   14.99
15.59   14.84   14.09   13.34   12.59   11.84   11.09   10.34   9.59   8.84   8.09   7.34   6.59   5.84   5.09   4.34   3.59   2.91   1.86   1.09   0.85   0.94   1.56   2.22   2.97   3.72   4.47   5.22   5.97   6.72   7.47   8.22   8.97   9.72   10.47   11.22   11.97   12.72   13.47   14.22   14.97
15.41   14.66   13.91   13.16   12.41   11.66   10.91   10.16   9.41   8.66   7.91   7.16   6.41   5.66   4.91   4.16   3.41   3.22   1.91   1.17   0.95   1.04   1.58   2.69   2.88   3.63   4.38   5.13   5.88   6.63   7.38   8.13   8.88   9.63   10.38   11.13   11.88   12.63   13.38   14.13   14.88
15.14   14.39   13.64   12.89   12.14   11.39   10.64   9.89   9.14   8.39   7.64   6.89   6.14   5.39   4.64   3.89   3.20   3.22   1.98   1.28   1.01   1.14   1.61   2.76   2.79   3.54   4.29   5.04   5.79   6.54   7.29   8.04   8.79   9.54   10.29   11.04   11.79   12.54   13.29   14.04   14.79
15.24   14.49   13.74   12.99   12.24   11.49   10.74   9.99   9.24   8.49   7.74   6.99   6.24   5.49   4.74   3.99   3.38   2.90   1.96   1.45   1.23   1.33   1.64   2.34   3.07   3.82   4.57   5.32   6.07   6.82   7.57   8.32   9.07   9.82   10.57   11.32   12.07   12.82   13.57   14.32   15.07
15.12   14.37   13.62   12.87   12.12   11.37   10.62   9.87   9.12   8.37   7.62   6.87   6.12   5.37   4.62   3.87   3.12   2.47   2.07   1.86   1.76   1.75   1.84   2.04   2.45   3.17   3.92   4.67   5.42   6.17   6.92   7.67   8.42   9.17   9.92   10.67   11.42   12.17   12.92   13.67   14.42
14.93   14.18   13.43   12.68   11.93   11.18   10.43   9.68   8.93   8.18   7.43   6.68   5.93   5.18   4.43   3.68   2.93   2.38   2.10   1.94   1.86   1.87   1.95   2.13   2.47   3.12   3.87   4.62   5.37   6.12   6.87   7.62   8.37   9.12   9.87   10.62   11.37   12.12   12.87   13.62   14.37
14.71   13.96   13.21   12.46   11.71   10.96   10.21   9.46   8.71   7.96   7.21   6.46   5.71   4.96   4.21   3.46   2.71   2.57   2.22   1.96   1.83   1.82   1.93   2.20   2.79   3.84   4.59   5.34   6.09   6.84   7.59   8.34   9.09   9.84   10.59   11.34   12.09   12.84   13.59   14.34   15.09
14.46   13.71   12.96   12.21   11.46   10.71   9.96   9.21   8.46   7.71   6.96   6.21   5.46   4.71   3.96   3.21   2.92   2.86   2.83   2.82   2.86   2.83   2.90   3.00   3.12   3.30   3.59   4.34   5.09   5.84   6.59   7.34   8.09   8.84   9.59   10.34   11.09   11.84   12.59   13.34   14.09
13.98   13.23   12.48   11.73   10.98   10.23   9.48   8.73   7.98   7.23   6.48   5.73   4.98   4.23   3.48   2.73   2.62   2.75   2.90   3.06   3.56   3.51   3.74   4.00   4.30   4.64   5.02   5.45   5.96   6.71   7.46   8.21   8.96   9.71   10.46   11.21   11.96   12.71   13.46   14.21   14.96
22.12   21.37   20.62   19.93   20.08   20.18   20.22   20.21   20.13   20.00   19.82   19.59   19.32   19.01   18.67   18.30   17.91   17.51   17.10   16.69   16.27   15.86   15.45   15.05   14.65   14.27   13.91   13.60   13.05   12.78   12.47   12.15   11.85   11.55   11.27   11.00   10.73   10.48   10.24   10.00   9.78
::