nonGaussian observation error table::
!
! only put comment (using !) in this block
!
# instrument   channel         stdev_from         predictor
#  atms         ch5        OmF_full_clr_cld        sym_cld
!
! read the parameters for the table:
! max_range     = the range of OmF pdf in x axis
! dx            = dx in x-axis to define the bin for the OmF pdf
! bdy_slope     = the slope of stdev used to extrapolate to large OmF (larger = inflating more for extreme OmF)
! cri_costfn    = define the boundry of the cost-function that are used to estimate the stdev (not used in GSI code)
! num_cloud_cat = the number of cloud amount categories
! cloud_bin     = the boundary of cloud bins (size = num_cloud_cat +1 )
!
max_range      =  8.0
dx             =  0.30
bdy_slope      =  0.5
cri_costfn     =  3.2e-06
num_cloud_cat  =  12
::

cloud_bin::
0.00   0.03   0.05   0.07   0.10   0.15   0.20   0.25   0.30   0.35   0.40   0.50   1.00
::

bias::
-0.00   -0.04   -0.01   0.05   0.15   0.25   0.37   -0.00   -0.01   0.01   -0.40   0.91
::

stdev::
3.83   3.68   3.53   3.38   3.23   3.08   2.93   2.78   2.63   2.48   2.33   2.18   2.03   1.88   1.73   1.58   1.43   1.28   1.13   0.98   0.83   0.68   0.53   0.39   0.36   0.28   0.24   0.24   0.27   0.33   0.45   0.63   0.78   0.93   1.08   1.23   1.38   1.53   1.68   1.83   1.98   2.13   2.28   2.43   2.58   2.73   2.88   3.03   3.18   3.33   3.48   3.63   3.78   3.93
3.84   3.69   3.54   3.39   3.24   3.09   2.94   2.79   2.64   2.49   2.34   2.19   2.04   1.89   1.74   1.59   1.44   1.29   1.14   0.99   0.84   0.69   0.54   0.47   0.36   0.27   0.24   0.26   0.31   0.40   0.46   0.52   0.66   0.81   0.96   1.11   1.26   1.41   1.56   1.71   1.86   2.01   2.16   2.31   2.46   2.61   2.76   2.91   3.06   3.21   3.36   3.51   3.66   3.81
3.85   3.70   3.55   3.40   3.25   3.10   2.95   2.80   2.65   2.50   2.35   2.20   2.05   1.90   1.75   1.60   1.45   1.30   1.15   1.00   0.85   0.70   0.55   0.47   0.39   0.31   0.28   0.28   0.33   0.44   0.52   0.53   0.61   0.76   0.91   1.06   1.21   1.36   1.51   1.66   1.81   1.96   2.11   2.26   2.41   2.56   2.71   2.86   3.01   3.16   3.31   3.46   3.61   3.76
3.87   3.72   3.57   3.42   3.27   3.12   2.97   2.82   2.67   2.52   2.37   2.22   2.07   1.92   1.77   1.62   1.47   1.32   1.17   1.02   0.87   0.72   0.64   0.54   0.44   0.37   0.34   0.36   0.39   0.45   0.53   0.57   0.59   0.66   0.81   0.96   1.11   1.26   1.41   1.56   1.71   1.86   2.01   2.16   2.31   2.46   2.61   2.76   2.91   3.06   3.21   3.36   3.51   3.66
3.89   3.74   3.59   3.44   3.29   3.14   2.99   2.84   2.69   2.54   2.39   2.24   2.09   1.94   1.79   1.64   1.49   1.34   1.19   1.04   0.89   0.80   0.74   0.66   0.55   0.48   0.44   0.44   0.45   0.52   0.59   0.62   0.61   0.62   0.74   0.89   1.04   1.19   1.34   1.49   1.64   1.79   1.94   2.09   2.24   2.39   2.54   2.69   2.84   2.99   3.14   3.29   3.44   3.59
3.77   3.62   3.47   3.32   3.17   3.02   2.87   2.72   2.57   2.42   2.27   2.12   1.97   1.82   1.67   1.52   1.37   1.22   1.07   0.98   0.97   0.96   0.91   0.83   0.75   0.69   0.67   0.67   0.71   0.74   0.75   0.73   0.71   0.70   0.71   0.72   0.87   1.02   1.17   1.32   1.47   1.62   1.77   1.92   2.07   2.22   2.37   2.52   2.67   2.82   2.97   3.12   3.27   3.42
3.66   3.51   3.36   3.21   3.06   2.91   2.76   2.61   2.46   2.31   2.16   2.01   1.86   1.71   1.56   1.41   1.26   1.19   1.18   1.16   1.15   1.14   1.12   1.10   1.08   1.06   1.04   1.02   0.95   0.96   0.93   0.90   0.88   0.85   0.82   0.80   0.77   0.87   1.02   1.17   1.32   1.47   1.62   1.77   1.92   2.07   2.22   2.37   2.52   2.67   2.82   2.97   3.12   3.27
3.39   3.24   3.09   2.94   2.79   2.64   2.49   2.34   2.19   2.04   1.89   1.74   1.59   1.44   1.29   1.16   1.19   1.21   1.21   1.21   1.21   1.20   1.21   1.21   1.23   1.25   1.28   1.30   1.35   1.39   1.41   1.42   1.40   1.34   1.24   1.13   1.00   0.89   0.88   1.03   1.18   1.33   1.48   1.63   1.78   1.93   2.08   2.23   2.38   2.53   2.68   2.83   2.98   3.13
3.29   3.14   2.99   2.84   2.69   2.54   2.39   2.24   2.09   1.94   1.79   1.64   1.49   1.34   1.33   1.33   1.35   1.38   1.42   1.46   1.51   1.57   1.62   1.68   1.72   1.75   1.78   1.73   1.72   1.69   1.63   1.57   1.51   1.45   1.39   1.33   1.28   1.24   1.21   1.19   1.28   1.43   1.58   1.73   1.88   2.03   2.18   2.33   2.48   2.63   2.78   2.93   3.08   3.23
3.24   3.09   2.94   2.79   2.64   2.49   2.34   2.19   2.04   1.89   1.74   1.65   1.66   1.67   1.68   1.69   1.69   1.70   1.70   1.70   1.70   1.69   1.69   1.68   1.68   1.67   1.66   1.64   1.63   1.61   1.60   1.58   1.56   1.55   1.53   1.51   1.49   1.47   1.45   1.43   1.41   1.41   1.56   1.71   1.86   2.01   2.16   2.31   2.46   2.61   2.76   2.91   3.06   3.21
2.96   2.81   2.66   2.51   2.36   2.21   2.06   1.91   1.76   1.61   1.61   1.65   1.69   1.73   1.77   1.81   1.84   1.88   1.91   1.94   1.97   2.00   2.02   2.04   2.06   2.10   2.04   2.06   2.05   2.04   2.03   2.01   1.99   1.96   1.94   1.90   1.87   1.84   1.80   1.76   1.72   1.68   1.65   1.74   1.89   2.04   2.19   2.34   2.49   2.64   2.79   2.94   3.09   3.24
3.38   3.23   3.08   2.93   2.78   2.63   2.67   2.72   2.75   2.78   2.80   2.81   2.81   2.80   2.79   2.76   2.73   2.69   2.64   2.59   2.54   2.48   2.42   2.36   2.30   2.23   2.17   2.11   2.05   2.00   1.93   1.88   1.83   1.78   1.73   1.68   1.64   1.59   1.55   1.51   1.47   1.44   1.40   1.48   1.63   1.78   1.93   2.08   2.23   2.38   2.53   2.68   2.83   2.98
::