nonGaussian observation error table::
!
! only put comment (using !) in this block
!
# instrument   channel         stdev_from         predictor
#  amsua         ch15        OmF_full_clr_cld        sym_cld
!
! read the parameters for the table:
! max_range     = the range of OmF pdf in x axis
! dx            = dx in x-axis to define the bin for the OmF pdf
! bdy_slope     = the slope of stdev used to extrapolate to large OmF (larger = inflating more for extreme OmF)
! cri_costfn    = define the boundry of the cost-function that are used to estimate the stdev (not used in GSI code)
! num_cloud_cat = the number of cloud amount categories
! cloud_bin     = the boundary of cloud bins (size = num_cloud_cat +1 )
!
max_range      =  60.0
dx             =  3.00
bdy_slope      =  0.5
cri_costfn     =  3.2e-06
num_cloud_cat  =  14
::

cloud_bin::
0.00   0.03   0.05   0.07   0.10   0.15   0.20   0.25   0.30   0.35   0.40   0.50   0.60   0.80   1.00
::

bias::
-0.10   0.20   0.40   0.70   1.40   1.30   -0.60   -3.30   -4.30   -4.40   -3.30   -2.10   -0.10   0.70
::

stdev::
29.89   28.39   26.89   25.39   23.89   22.39   20.89   19.39   17.89   16.39   14.89   13.39   11.89   10.39   8.89   7.39   5.89   4.39   3.04   2.34   2.18   2.47   3.35   4.50   6.00   7.50   9.00   10.50   12.00   13.50   15.00   16.50   18.00   19.50   21.00   22.50   24.00   25.50   27.00   28.50   30.00
30.58   29.08   27.58   26.08   24.58   23.08   21.58   20.08   18.58   17.08   15.58   14.08   12.58   11.08   9.58   8.08   6.58   5.12   3.66   2.90   2.73   2.87   3.61   5.07   6.41   7.91   9.41   10.91   12.41   13.91   15.41   16.91   18.41   19.91   21.41   22.91   24.41   25.91   27.41   28.91   30.41
30.36   28.86   27.36   25.86   24.36   22.86   21.36   19.86   18.36   16.86   15.36   13.86   12.36   10.86   9.36   7.86   6.36   5.50   4.26   3.53   3.39   3.34   3.92   5.09   6.33   7.83   9.33   10.83   12.33   13.83   15.33   16.83   18.33   19.83   21.33   22.83   24.33   25.83   27.33   28.83   30.33
30.28   28.78   27.28   25.78   24.28   22.78   21.28   19.78   18.28   16.78   15.28   13.78   12.28   10.78   9.28   7.78   6.72   6.01   4.84   4.12   3.81   3.95   4.38   5.27   6.44   7.41   8.91   10.41   11.91   13.41   14.91   16.41   17.91   19.41   20.91   22.41   23.91   25.41   26.91   28.41   29.91
30.58   29.08   27.58   26.08   24.58   23.08   21.58   20.08   18.58   17.08   15.58   14.08   12.58   11.08   9.58   8.08   7.51   6.73   5.81   5.17   4.86   4.81   5.06   5.63   6.56   7.59   8.72   10.22   11.72   13.22   14.72   16.22   17.72   19.22   20.72   22.22   23.72   25.22   26.72   28.22   29.72
29.89   28.39   26.89   25.39   23.89   22.39   20.89   19.39   17.89   16.39   14.89   13.39   11.89   10.39   8.89   8.44   8.44   7.87   7.16   6.60   6.31   6.25   6.48   6.99   7.79   8.73   9.30   9.95   11.45   12.95   14.45   15.95   17.45   18.95   20.45   21.95   23.45   24.95   26.45   27.95   29.45
28.79   27.29   25.79   24.29   22.79   21.29   19.79   18.29   16.79   15.29   13.79   12.29   10.79   9.29   8.30   8.41   8.37   8.26   8.14   8.07   8.06   8.19   8.45   8.87   9.43   10.11   10.71   11.03   12.53   14.03   15.53   17.03   18.53   20.03   21.53   23.03   24.53   26.03   27.53   29.03   30.53
27.62   26.12   24.62   23.12   21.62   20.12   18.62   17.12   15.62   14.12   12.62   11.12   9.62   8.12   7.48   7.46   7.57   7.79   8.10   8.51   8.91   9.37   9.82   10.23   10.59   10.89   11.15   11.97   13.47   14.97   16.47   17.97   19.47   20.97   22.47   23.97   25.47   26.97   28.47   29.97   31.47
26.97   25.47   23.97   22.47   20.97   19.47   17.97   16.47   14.97   13.47   11.97   10.47   8.97   7.47   7.03   7.12   7.32   7.58   7.91   8.04   8.44   8.82   9.26   9.78   10.37   11.01   11.60   13.10   14.60   16.10   17.60   19.10   20.60   22.10   23.60   25.10   26.60   28.10   29.60   31.10   32.60
27.50   26.00   24.50   23.00   21.50   20.00   18.50   17.00   15.50   14.00   12.50   11.00   9.50   8.00   6.96   6.57   6.38   6.37   6.48   6.87   7.25   7.81   8.46   9.11   9.64   9.94   11.13   12.63   14.13   15.63   17.13   18.63   20.13   21.63   23.13   24.63   26.13   27.63   29.13   30.63   32.13
28.11   26.61   25.11   23.61   22.11   20.61   19.11   17.61   16.11   14.61   13.11   11.61   10.11   8.61   7.16   6.68   6.07   5.62   5.36   5.42   5.51   5.89   6.55   7.51   8.62   9.85   11.35   12.85   14.35   15.85   17.35   18.85   20.35   21.85   23.35   24.85   26.35   27.85   29.35   30.85   32.35
28.67   27.17   25.67   24.17   22.67   21.17   19.67   18.17   16.67   15.17   13.67   12.17   10.67   9.17   7.67   6.42   5.81   5.23   4.84   4.63   4.68   4.84   5.20   5.77   6.80   8.30   9.80   11.30   12.80   14.30   15.80   17.30   18.80   20.30   21.80   23.30   24.80   26.30   27.80   29.30   30.80
28.89   27.39   25.89   24.39   22.89   21.39   19.89   18.39   16.89   15.39   13.89   12.39   10.89   9.39   7.89   6.39   5.62   5.60   5.14   4.48   3.89   3.67   3.75   4.24   5.62   7.12   8.62   10.12   11.62   13.12   14.62   16.12   17.62   19.12   20.62   22.12   23.62   25.12   26.62   28.12   29.62
32.14   30.64   29.14   27.64   26.14   24.64   23.14   21.64   20.14   18.64   17.14   15.64   14.14   12.64   11.14   9.64   8.14   5.99   4.12   3.36   3.08   3.24   3.43   3.61   4.83   6.33   7.83   9.33   10.83   12.33   13.83   15.33   16.83   18.33   19.83   21.33   22.83   24.33   25.83   27.33   28.83
::