nonGaussian observation error table::
!
! only put comment (using !) in this block
!
# instrument   channel         stdev_from         predictor
#  atms         ch20        OmF_full_clr_cld        sym_cld
!
! read the parameters for the table:
! max_range     = the range of OmF pdf in x axis
! dx            = dx in x-axis to define the bin for the OmF pdf
! bdy_slope     = the slope of stdev used to extrapolate to large OmF (larger = inflating more for extreme OmF)
! cri_costfn    = define the boundry of the cost-function that are used to estimate the stdev (not used in GSI code)
! num_cloud_cat = the number of cloud amount categories
! cloud_bin     = the boundary of cloud bins (size = num_cloud_cat +1 )
!
max_range      =  30.0
dx             =  1.50
bdy_slope      =  0.5
cri_costfn     =  3.2e-06
num_cloud_cat  =  12
::

cloud_bin::
0.00   0.03   0.05   0.07   0.10   0.15   0.20   0.25   0.30   0.35   0.40   0.50   1.00
::

bias::
0.10   0.10   0.10   0.05   -0.05   -0.20   -0.35   -0.35   -0.30   -0.05   0.30   8.00
::

stdev::
14.86   14.11   13.36   12.61   11.86   11.11   10.36   9.61   8.86   8.11   7.36   6.61   5.86   5.11   4.36   3.61   2.86   2.11   1.64   1.06   0.85   0.97   1.51   2.20   2.95   3.70   4.45   5.20   5.95   6.70   7.45   8.20   8.95   9.70   10.45   11.20   11.95   12.70   13.45   14.20   14.95
15.03   14.28   13.53   12.78   12.03   11.28   10.53   9.78   9.03   8.28   7.53   6.78   6.03   5.28   4.53   3.78   3.03   2.28   1.68   1.06   0.89   1.03   1.58   2.53   3.23   3.98   4.73   5.48   6.23   6.98   7.73   8.48   9.23   9.98   10.73   11.48   12.23   12.98   13.73   14.48   15.23
15.18   14.43   13.68   12.93   12.18   11.43   10.68   9.93   9.18   8.43   7.68   6.93   6.18   5.43   4.68   3.93   3.18   2.43   1.62   1.10   0.98   1.11   1.68   2.72   3.04   3.79   4.54   5.29   6.04   6.79   7.54   8.29   9.04   9.79   10.54   11.29   12.04   12.79   13.54   14.29   15.04
15.09   14.34   13.59   12.84   12.09   11.34   10.59   9.84   9.09   8.34   7.59   6.84   6.09   5.34   4.59   3.84   3.09   2.34   1.62   1.13   1.01   1.19   1.76   2.92   3.03   3.75   4.50   5.25   6.00   6.75   7.50   8.25   9.00   9.75   10.50   11.25   12.00   12.75   13.50   14.25   15.00
14.84   14.09   13.34   12.59   11.84   11.09   10.34   9.59   8.84   8.09   7.34   6.59   5.84   5.09   4.34   3.59   2.84   2.24   1.64   1.13   1.07   1.27   1.91   2.82   3.04   3.75   4.50   5.25   6.00   6.75   7.50   8.25   9.00   9.75   10.50   11.25   12.00   12.75   13.50   14.25   15.00
14.73   13.98   13.23   12.48   11.73   10.98   10.23   9.48   8.73   7.98   7.23   6.48   5.73   4.98   4.23   3.48   2.73   1.98   1.49   1.11   1.06   1.36   2.02   2.59   3.18   3.93   4.68   5.43   6.18   6.93   7.68   8.43   9.18   9.93   10.68   11.43   12.18   12.93   13.68   14.43   15.18
14.39   13.64   12.89   12.14   11.39   10.64   9.89   9.14   8.39   7.64   6.89   6.14   5.39   4.64   3.89   3.14   2.39   1.64   1.38   1.37   1.54   1.70   2.03   2.54   3.23   3.98   4.73   5.48   6.23   6.98   7.73   8.48   9.23   9.98   10.73   11.48   12.23   12.98   13.73   14.48   15.23
14.40   13.65   12.90   12.15   11.40   10.65   9.90   9.15   8.40   7.65   6.90   6.15   5.40   4.65   3.90   3.15   2.40   1.65   1.35   1.32   1.44   1.64   2.06   2.86   4.16   4.30   5.05   5.80   6.55   7.30   8.05   8.80   9.55   10.30   11.05   11.80   12.55   13.30   14.05   14.80   15.55
14.42   13.67   12.92   12.17   11.42   10.67   9.92   9.17   8.42   7.67   6.92   6.17   5.42   4.67   3.92   3.17   2.42   1.69   1.48   1.47   1.66   1.83   2.19   2.75   3.54   4.34   5.09   5.84   6.59   7.34   8.09   8.84   9.59   10.34   11.09   11.84   12.59   13.34   14.09   14.84   15.59
14.22   13.47   12.72   11.97   11.22   10.47   9.72   8.97   8.22   7.47   6.72   5.97   5.22   4.47   3.72   2.97   2.22   1.84   1.90   1.97   2.10   2.20   2.36   2.57   2.88   3.41   4.16   4.91   5.66   6.41   7.16   7.91   8.66   9.41   10.16   10.91   11.66   12.41   13.16   13.91   14.66
14.23   13.48   12.73   11.98   11.23   10.48   9.73   8.98   8.23   7.48   6.73   5.98   5.23   4.48   3.73   2.98   2.34   2.49   2.65   2.82   3.01   3.22   3.45   3.68   3.91   4.13   4.33   4.47   5.07   5.82   6.57   7.32   8.07   8.82   9.57   10.32   11.07   11.82   12.57   13.32   14.07
18.33   19.08   19.87   20.70   21.56   22.45   23.36   24.28   25.19   26.07   26.89   27.63   28.25   28.73   29.05   29.17   29.10   28.84   28.41   27.83   27.12   26.33   25.47   24.57   23.68   22.93   21.71   20.90   20.08   19.29   18.53   17.81   17.12   16.48   15.87   15.29   14.75   14.24   13.76   13.31   12.88
::