nonGaussian observation error table::
!
! only put comment (using !) in this block
!
# instrument   channel         stdev_from         predictor
#  atms         ch21        OmF_full_clr_cld        sym_cld
!
! read the parameters for the table:
! max_range     = the range of OmF pdf in x axis
! dx            = dx in x-axis to define the bin for the OmF pdf
! bdy_slope     = the slope of stdev used to extrapolate to large OmF (larger = inflating more for extreme OmF)
! cri_costfn    = define the boundry of the cost-function that are used to estimate the stdev (not used in GSI code)
! num_cloud_cat = the number of cloud amount categories
! cloud_bin     = the boundary of cloud bins (size = num_cloud_cat +1 )
!
max_range      =  30.0
dx             =  1.50
bdy_slope      =  0.5
cri_costfn     =  3.2e-06
num_cloud_cat  =  12
::

cloud_bin::
0.00   0.03   0.05   0.07   0.10   0.15   0.20   0.25   0.30   0.35   0.40   0.50   1.00
::

bias::
0.10   0.10   0.05   0.00   -0.05   -0.10   -0.20   -0.25   -0.20   0.05   -0.15   7.55
::

stdev::
14.91   14.16   13.41   12.66   11.91   11.16   10.41   9.66   8.91   8.16   7.41   6.66   5.91   5.16   4.41   3.66   2.91   2.16   1.56   1.11   1.01   1.06   1.54   2.21   2.96   3.71   4.46   5.21   5.96   6.71   7.46   8.21   8.96   9.71   10.46   11.21   11.96   12.71   13.46   14.21   14.96
15.01   14.26   13.51   12.76   12.01   11.26   10.51   9.76   9.01   8.26   7.51   6.76   6.01   5.26   4.51   3.76   3.01   2.26   1.62   1.12   1.01   1.11   1.64   2.59   3.16   3.91   4.66   5.41   6.16   6.91   7.66   8.41   9.16   9.91   10.66   11.41   12.16   12.91   13.66   14.41   15.16
15.14   14.39   13.64   12.89   12.14   11.39   10.64   9.89   9.14   8.39   7.64   6.89   6.14   5.39   4.64   3.89   3.14   2.39   1.58   1.13   1.04   1.21   1.74   2.81   3.17   3.92   4.67   5.42   6.17   6.92   7.67   8.42   9.17   9.92   10.67   11.42   12.17   12.92   13.67   14.42   15.17
15.16   14.41   13.66   12.91   12.16   11.41   10.66   9.91   9.16   8.41   7.66   6.91   6.16   5.41   4.66   3.91   3.16   2.41   1.54   1.15   1.09   1.28   1.84   2.87   3.42   3.95   4.70   5.45   6.20   6.95   7.70   8.45   9.20   9.95   10.70   11.45   12.20   12.95   13.70   14.45   15.20
14.98   14.23   13.48   12.73   11.98   11.23   10.48   9.73   8.98   8.23   7.48   6.73   5.98   5.23   4.48   3.73   2.98   2.23   1.54   1.17   1.15   1.33   1.91   2.95   3.51   3.97   4.72   5.47   6.22   6.97   7.72   8.47   9.22   9.97   10.72   11.47   12.22   12.97   13.72   14.47   15.22
14.80   14.05   13.30   12.55   11.80   11.05   10.30   9.55   8.80   8.05   7.30   6.55   5.80   5.05   4.30   3.55   2.80   2.05   1.44   1.19   1.20   1.39   1.91   2.87   3.59   4.03   4.78   5.53   6.28   7.03   7.78   8.53   9.28   10.03   10.78   11.53   12.28   13.03   13.78   14.53   15.28
14.48   13.73   12.98   12.23   11.48   10.73   9.98   9.23   8.48   7.73   6.98   6.23   5.48   4.73   3.98   3.23   2.48   1.73   1.44   1.41   1.59   1.72   2.04   2.54   3.29   4.07   4.82   5.57   6.32   7.07   7.82   8.57   9.32   10.07   10.82   11.57   12.32   13.07   13.82   14.57   15.32
14.40   13.65   12.90   12.15   11.40   10.65   9.90   9.15   8.40   7.65   6.90   6.15   5.40   4.65   3.90   3.15   2.40   1.65   1.45   1.47   1.62   1.84   2.21   2.73   3.33   3.86   4.61   5.36   6.11   6.86   7.61   8.36   9.11   9.86   10.61   11.36   12.11   12.86   13.61   14.36   15.11
14.47   13.72   12.97   12.22   11.47   10.72   9.97   9.22   8.47   7.72   6.97   6.22   5.47   4.72   3.97   3.22   2.47   1.72   1.49   1.48   1.63   1.82   2.19   2.79   3.75   4.92   5.66   6.41   7.16   7.91   8.66   9.41   10.16   10.91   11.66   12.41   13.16   13.91   14.66   15.41   16.16
14.28   13.53   12.78   12.03   11.28   10.53   9.78   9.03   8.28   7.53   6.78   6.03   5.28   4.53   3.78   3.03   2.28   1.72   1.81   1.91   1.98   2.21   2.40   2.64   2.98   3.49   4.23   4.98   5.73   6.48   7.23   7.98   8.73   9.48   10.23   10.98   11.73   12.48   13.23   13.98   14.73
14.00   13.25   12.50   11.75   11.00   10.25   9.50   8.75   8.00   7.25   6.50   5.75   5.00   4.25   3.50   2.75   2.13   2.31   2.52   2.77   2.99   3.38   3.77   4.18   4.60   4.95   5.15   5.14   4.90   5.65   6.40   7.15   7.90   8.65   9.40   10.15   10.90   11.65   12.40   13.15   13.90
17.51   18.22   18.97   19.75   20.57   21.41   22.27   23.14   24.00   24.84   25.63   26.34   26.96   27.44   27.77   27.93   27.91   27.71   27.34   26.83   26.19   25.45   24.66   23.82   22.99   22.59   21.12   20.32   19.53   18.76   18.03   17.33   16.67   16.04   15.45   14.89   14.36   13.87   13.40   12.95   12.54
::