nonGaussian observation error table::
!
! only put comment (using !) in this block
!
# instrument   channel         stdev_from         predictor
#  atms         ch1        OmF_full_clr_cld        sym_cld
!
! read the parameters for the table:
! max_range     = the range of OmF pdf in x axis
! dx            = dx in x-axis to define the bin for the OmF pdf
! bdy_slope     = the slope of stdev used to extrapolate to large OmF (larger = inflating more for extreme OmF)
! cri_costfn    = define the boundry of the cost-function that are used to estimate the stdev (not used in GSI code)
! num_cloud_cat = the number of cloud amount categories
! cloud_bin     = the boundary of cloud bins (size = num_cloud_cat +1 )
!
max_range      =  60.0
dx             =  3.00
bdy_slope      =  0.5
cri_costfn     =  3.2e-06
num_cloud_cat  =  12
::

cloud_bin::
0.00   0.03   0.05   0.07   0.10   0.15   0.20   0.25   0.30   0.35   0.40   0.50   1.00
::

bias::
-0.40   -0.10   0.10   0.70   1.60   2.50   1.80   -1.50   -4.90   -4.20   -7.30   -15.90
::

stdev::
29.62   28.12   26.62   25.12   23.62   22.12   20.62   19.12   17.62   16.12   14.62   13.12   11.62   10.12   8.62   7.12   5.62   4.12   2.68   1.80   1.58   2.01   3.03   4.53   6.03   7.53   9.03   10.53   12.03   13.53   15.03   16.53   18.03   19.53   21.03   22.53   24.03   25.53   27.03   28.53   30.03
29.76   28.26   26.76   25.26   23.76   22.26   20.76   19.26   17.76   16.26   14.76   13.26   11.76   10.26   8.76   7.26   5.76   4.26   2.85   2.00   1.88   2.07   2.96   4.43   5.93   7.43   8.93   10.43   11.93   13.43   14.93   16.43   17.93   19.43   20.93   22.43   23.93   25.43   26.93   28.43   29.93
29.78   28.28   26.78   25.28   23.78   22.28   20.78   19.28   17.78   16.28   14.78   13.28   11.78   10.28   8.78   7.28   5.78   4.28   2.96   2.27   2.10   2.39   2.82   4.05   5.55   7.05   8.55   10.05   11.55   13.05   14.55   16.05   17.55   19.05   20.55   22.05   23.55   25.05   26.55   28.05   29.55
30.03   28.53   27.03   25.53   24.03   22.53   21.03   19.53   18.03   16.53   15.03   13.53   12.03   10.53   9.03   7.53   6.03   4.53   3.19   2.67   2.55   2.71   3.02   3.50   5.00   6.50   8.00   9.50   11.00   12.50   14.00   15.50   17.00   18.50   20.00   21.50   23.00   24.50   26.00   27.50   29.00
30.31   28.81   27.31   25.81   24.31   22.81   21.31   19.81   18.31   16.81   15.31   13.81   12.31   10.81   9.31   7.81   6.31   4.81   3.86   3.38   3.12   3.13   3.48   3.83   4.62   6.12   7.62   9.12   10.62   12.12   13.62   15.12   16.62   18.12   19.62   21.12   22.62   24.12   25.62   27.12   28.62
30.27   28.77   27.27   25.77   24.27   22.77   21.27   19.77   18.27   16.77   15.27   13.77   12.27   10.77   9.27   7.77   6.27   5.61   5.19   4.96   5.21   4.81   4.52   4.55   4.92   5.46   6.96   8.46   9.96   11.46   12.96   14.46   15.96   17.46   18.96   20.46   21.96   23.46   24.96   26.46   27.96
29.65   28.15   26.65   25.15   23.65   22.15   20.65   19.15   17.65   16.15   14.65   13.15   11.65   10.15   8.65   7.15   6.16   6.33   6.62   6.93   7.09   7.32   7.02   6.64   6.23   5.90   6.64   8.14   9.64   11.14   12.64   14.14   15.64   17.14   18.64   20.14   21.64   23.14   24.64   26.14   27.64
28.30   26.80   25.30   23.80   22.30   20.80   19.30   17.80   16.30   14.80   13.30   11.80   10.30   8.80   7.30   6.36   6.43   6.63   6.98   7.55   8.06   9.02   9.93   10.29   9.55   7.99   6.68   8.18   9.68   11.18   12.68   14.18   15.68   17.18   18.68   20.18   21.68   23.18   24.68   26.18   27.68
26.78   25.28   23.78   22.28   20.78   19.28   17.78   16.28   14.78   13.28   11.78   10.28   8.78   7.28   6.15   6.25   6.65   7.33   8.28   10.01   11.79   13.45   13.79   12.55   10.78   9.27   8.20   9.70   11.20   12.70   14.20   15.70   17.20   18.70   20.20   21.70   23.20   24.70   26.20   27.70   29.20
26.80   25.30   23.80   22.30   20.80   19.30   17.80   16.30   14.80   13.30   11.80   10.30   8.80   9.03   9.31   9.59   9.85   10.08   10.28   10.49   10.60   10.68   10.71   10.69   10.62   10.49   10.33   11.72   13.22   14.72   16.22   17.72   19.22   20.72   22.22   23.72   25.22   26.72   28.22   29.72   31.22
25.58   24.08   22.58   21.08   19.58   18.08   16.58   15.08   13.58   12.08   10.58   9.24   9.38   9.52   9.66   9.82   9.99   10.14   10.47   10.63   10.85   11.10   11.37   11.67   12.00   12.36   13.06   14.56   16.06   17.56   19.06   20.56   22.06   23.56   25.06   26.56   28.06   29.56   31.06   32.56   34.06
21.31   19.81   18.31   16.81   15.31   13.81   12.31   10.81   9.31   9.49   9.96   10.48   11.04   11.64   12.24   13.45   14.01   14.85   15.79   16.79   17.84   18.90   19.93   20.86   21.62   22.12   22.30   22.14   22.22   23.72   25.22   26.72   28.22   29.72   31.22   32.72   34.22   35.72   37.22   38.72   40.22
::