nonGaussian observation error table::
!
! only put comment (using !) in this block
!
# instrument   channel         stdev_from         predictor
#  atms         ch17        OmF_full_clr_cld        sym_cld
!
! read the parameters for the table:
! max_range     = the range of OmF pdf in x axis
! dx            = dx in x-axis to define the bin for the OmF pdf
! bdy_slope     = the slope of stdev used to extrapolate to large OmF (larger = inflating more for extreme OmF)
! cri_costfn    = define the boundry of the cost-function that are used to estimate the stdev (not used in GSI code)
! num_cloud_cat = the number of cloud amount categories
! cloud_bin     = the boundary of cloud bins (size = num_cloud_cat +1 )
!
max_range      =  30.0
dx             =  1.50
bdy_slope      =  0.5
cri_costfn     =  3.2e-06
num_cloud_cat  =  12
::

cloud_bin::
0.00   0.03   0.05   0.07   0.10   0.15   0.20   0.25   0.30   0.35   0.40   0.50   1.00
::

bias::
0.20   0.05   0.00   0.05   0.05   -0.20   -0.35   0.20   1.45   3.40   4.55   9.90
::

stdev::
15.42   14.67   13.92   13.17   12.42   11.67   10.92   10.17   9.42   8.67   7.92   7.17   6.42   5.67   4.92   4.17   3.42   3.07   1.85   1.14   1.02   1.11   1.62   2.36   2.87   3.62   4.37   5.12   5.87   6.62   7.37   8.12   8.87   9.62   10.37   11.12   11.87   12.62   13.37   14.12   14.87
15.59   14.84   14.09   13.34   12.59   11.84   11.09   10.34   9.59   8.84   8.09   7.34   6.59   5.84   5.09   4.34   3.59   3.21   1.72   1.10   0.97   1.11   1.70   2.84   3.22   3.97   4.72   5.47   6.22   6.97   7.72   8.47   9.22   9.97   10.72   11.47   12.22   12.97   13.72   14.47   15.22
15.74   14.99   14.24   13.49   12.74   11.99   11.24   10.49   9.74   8.99   8.24   7.49   6.74   5.99   5.24   4.49   3.74   2.98   1.70   1.22   1.11   1.26   1.77   2.97   3.38   3.98   4.73   5.48   6.23   6.98   7.73   8.48   9.23   9.98   10.73   11.48   12.23   12.98   13.73   14.48   15.23
15.66   14.91   14.16   13.41   12.66   11.91   11.16   10.41   9.66   8.91   8.16   7.41   6.66   5.91   5.16   4.41   3.84   2.71   1.88   1.52   1.44   1.51   1.91   2.90   4.43   4.16   4.56   5.31   6.06   6.81   7.56   8.31   9.06   9.81   10.56   11.31   12.06   12.81   13.56   14.31   15.06
15.03   14.28   13.53   12.78   12.03   11.28   10.53   9.78   9.03   8.28   7.53   6.78   6.03   5.28   4.53   4.20   3.76   2.81   2.21   1.94   1.92   1.94   2.27   2.98   4.42   6.52   6.36   5.38   5.80   6.55   7.30   8.05   8.80   9.55   10.30   11.05   11.80   12.55   13.30   14.05   14.80
14.51   13.76   13.01   12.26   11.51   10.76   10.01   9.26   8.51   7.76   7.01   6.26   5.51   4.76   4.01   4.14   3.64   2.93   2.49   2.31   2.21   2.51   2.99   3.83   5.16   6.66   7.51   7.97   8.63   8.39   6.45   6.84   7.59   8.34   9.09   9.84   10.59   11.34   12.09   12.84   13.59
14.04   13.29   12.54   11.79   11.04   10.29   9.54   8.79   8.04   7.29   6.54   5.79   5.04   4.29   3.58   3.51   3.51   3.56   3.66   3.81   4.01   4.29   4.65   5.11   5.71   6.48   7.45   8.54   9.48   9.71   8.97   7.69   6.94   7.69   8.44   9.19   9.94   10.69   11.44   12.19   12.94
14.27   13.52   12.77   12.02   11.27   10.52   9.77   9.02   8.27   7.52   6.77   6.02   5.27   4.52   4.16   4.12   4.15   4.23   4.37   4.55   4.69   5.11   5.43   5.81   6.22   6.64   7.03   7.34   7.53   7.58   7.48   7.29   7.64   8.39   9.14   9.89   10.64   11.39   12.14   12.89   13.64
14.81   14.06   13.31   12.56   11.81   11.06   10.31   9.56   8.81   8.06   7.31   6.56   5.81   5.43   5.37   5.36   5.38   5.43   5.52   5.64   5.80   5.89   6.09   6.30   6.49   6.65   6.77   6.80   6.73   6.55   6.27   5.90   6.50   7.25   8.00   8.75   9.50   10.25   11.00   11.75   12.50
16.16   15.41   14.66   13.91   13.16   12.41   11.66   10.91   10.16   9.41   8.66   7.91   7.24   7.04   6.86   6.72   6.60   6.50   6.42   6.36   6.31   6.29   6.35   6.20   6.23   6.26   6.29   6.34   6.40   6.48   6.58   6.70   6.84   7.38   8.13   8.88   9.63   10.38   11.13   11.88   12.63
16.40   15.65   14.90   14.15   13.40   12.65   11.90   11.15   10.40   9.65   8.90   8.15   7.40   7.26   7.23   7.20   7.18   7.15   7.14   7.12   7.11   7.10   7.08   6.91   7.19   7.17   7.18   7.20   7.22   7.25   7.28   7.32   7.37   7.42   7.47   8.15   8.90   9.65   10.40   11.15   11.90
17.31   16.56   15.81   15.06   14.31   13.56   12.81   12.06   11.31   10.56   9.81   9.06   8.31   7.56   6.81   6.30   6.80   7.38   8.06   8.85   9.77   10.84   12.08   13.45   14.87   16.13   16.93   17.01   16.33   15.14   13.73   12.34   11.08   9.97   9.02   8.21   7.51   6.91   6.39   6.66   7.41
::